# t (s)	mx ()	my ()	mz ()	ext_exactdwposavg (m)	ext_exactdwvelavg (m/s)
0	2.5150925e-11	2.7691079e-12	-0.390625	1.28e-07	0
1e-11	-5.975375e-06	0.00015908547	-0.39013195	1.280631e-07	6.311035
2e-11	-5.710835e-05	0.0008277892	-0.38950688	1.2814311e-07	8.000565
3e-11	-0.00022139343	0.0017694867	-0.38903767	1.2820318e-07	6.006241
4e-11	-0.00040081562	0.0020638818	-0.3886567	1.2825194e-07	4.8763275
4.9999999999999995e-11	-0.0005893295	0.0020332043	-0.38835225	1.282909e-07	3.8967133
6e-11	-0.00090782717	0.0021581103	-0.38814443	1.2831751e-07	2.6603699
7e-11	-0.001254308	0.0021572928	-0.38804933	1.2832969e-07	1.2168884
8.000000000000001e-11	-0.0015169439	0.0019148703	-0.38807797	1.2832602e-07	-0.3665924
9.000000000000001e-11	-0.0017036544	0.0015100194	-0.38822296	1.2830746e-07	-1.8550873
1.0000000000000002e-10	-0.0018008283	0.0009089971	-0.3884587	1.2827729e-07	-3.0174255
1.1000000000000002e-10	-0.0017845605	0.000108792425	-0.3887682	1.2823767e-07	-3.961563
1.2000000000000003e-10	-0.0016427104	-0.0008548443	-0.38915685	1.2818792e-07	-4.9755096
1.3000000000000002e-10	-0.0013549451	-0.0019383926	-0.38963345	1.2812691e-07	-6.1000824
1.4e-10	-0.00090311765	-0.0030993721	-0.3902008	1.280543e-07	-7.262039
1.5e-10	-0.0002814445	-0.00433147	-0.39085925	1.2797001e-07	-8.428574
1.6e-10	0.0005068792	-0.0056362185	-0.3916064	1.2787439e-07	-9.563065
1.6999999999999998e-10	0.0014550613	-0.0070004803	-0.39243445	1.2776839e-07	-10.598755
1.7999999999999997e-10	0.0025598241	-0.008406786	-0.39332715	1.2765412e-07	-11.426926
1.8999999999999996e-10	0.0038303542	-0.009832966	-0.3942577	1.2753502e-07	-11.911392
1.9999999999999996e-10	0.005291311	-0.011243149	-0.39518857	1.2741586e-07	-11.915207
2.0999999999999995e-10	0.006972586	-0.012584099	-0.39607227	1.2730276e-07	-11.310959
2.1999999999999994e-10	0.008889107	-0.013785706	-0.39685196	1.2720295e-07	-9.980011
2.2999999999999993e-10	0.011024718	-0.014768622	-0.39746612	1.2712434e-07	-7.8617096
2.3999999999999995e-10	0.013330695	-0.015460634	-0.39785546	1.270745e-07	-4.9827576
2.4999999999999996e-10	0.015736867	-0.015814539	-0.3979708	1.2705974e-07	-1.4766693
2.6e-10	0.018168038	-0.015818551	-0.39777923	1.2708426e-07	2.4520874
2.7e-10	0.020559538	-0.015493998	-0.3972672	1.2714979e-07	6.55365
2.8e-10	0.022866337	-0.014881481	-0.39644092	1.2725556e-07	10.57663
2.9000000000000003e-10	0.02506259	-0.014024098	-0.39532453	1.2739847e-07	14.289856
3.0000000000000005e-10	0.027134664	-0.012957437	-0.39395654	1.2757356e-07	17.510223
3.1000000000000007e-10	0.029074173	-0.011708904	-0.39238495	1.2777473e-07	20.116425
3.200000000000001e-10	0.030874899	-0.010301492	-0.3906626	1.279952e-07	22.046661
3.300000000000001e-10	0.032532398	-0.008756358	-0.38884333	1.2822805e-07	23.285675
3.400000000000001e-10	0.034043938	-0.0070927003	-0.38697925	1.2846665e-07	23.86055
3.5000000000000014e-10	0.03540775	-0.0053265905	-0.38511905	1.2870476e-07	23.810577
3.6000000000000015e-10	0.036622085	-0.0034704856	-0.38330668	1.2893675e-07	23.198318
3.7000000000000017e-10	0.03768458	-0.0015337783	-0.3815815	1.2915757e-07	22.08252
3.800000000000002e-10	0.038591795	0.00047610616	-0.37997735	1.293629e-07	20.53299
3.900000000000002e-10	0.039338853	0.0025525033	-0.37852228	1.2954915e-07	18.624878
4.000000000000002e-10	0.03991921	0.0046884734	-0.37723795	1.2971354e-07	16.439056
4.1000000000000024e-10	0.040324863	0.00687604	-0.37613928	1.2985417e-07	14.063263
4.2000000000000026e-10	0.04054702	0.009105776	-0.375234	1.2997005e-07	11.587143
4.3000000000000027e-10	0.04057709	0.011366723	-0.37452254	1.3006111e-07	9.107208
4.400000000000003e-10	0.0404079	0.0136464825	-0.37399828	1.3012821e-07	6.710434
4.500000000000003e-10	0.040034875	0.015931433	-0.37364817	1.3017304e-07	4.4815063
4.600000000000003e-10	0.03945722	0.018206974	-0.3734535	1.3019795e-07	2.4917603
4.700000000000003e-10	0.038678885	0.0204578	-0.3733913	1.302059e-07	0.79574585
4.800000000000003e-10	0.0377093	0.022668209	-0.37343544	1.3020026e-07	-0.5645752
4.900000000000003e-10	0.03656371	0.024822537	-0.3735579	1.3018459e-07	-1.5678406
5.000000000000002e-10	0.035263132	0.026905749	-0.37372983	1.3016258e-07	-2.2006989
5.100000000000002e-10	0.033833835	0.028904444	-0.37392303	1.3013785e-07	-2.4730682
5.200000000000002e-10	0.032306284	0.030808065	-0.37411073	1.3011383e-07	-2.4021149
5.300000000000001e-10	0.030713629	0.032610398	-0.3742689	1.3009358e-07	-2.0240784
5.400000000000001e-10	0.02908968	0.034310713	-0.37437695	1.3007974e-07	-1.3839722
5.500000000000001e-10	0.027466662	0.035914414	-0.374419	1.3007437e-07	-0.5378723
5.6e-10	0.02587316	0.03743283	-0.37438363	1.300789e-07	0.45318604
5.7e-10	0.024332551	0.038882367	-0.37426433	1.3009416e-07	1.5270233
5.8e-10	0.022862095	0.04028327	-0.37405944	1.301204e-07	2.622223
5.899999999999999e-10	0.021472694	0.04165831	-0.37377185	1.301572e-07	3.6811829
5.999999999999999e-10	0.020169035	0.043031663	-0.3734085	1.3020372e-07	4.6512604
6.099999999999999e-10	0.018949946	0.044428132	-0.37298018	1.3025854e-07	5.4821014
6.199999999999998e-10	0.017808685	0.04587253	-0.3725008	1.3031989e-07	6.1359406
6.299999999999998e-10	0.016732953	0.04738926	-0.3719871	1.3038566e-07	6.575775
6.399999999999998e-10	0.015704554	0.049001828	-0.3714576	1.3045343e-07	6.7775726
6.499999999999997e-10	0.014698556	0.050731953	-0.37093195	1.3052072e-07	6.7287445
6.599999999999997e-10	0.013682061	0.052598063	-0.37042916	1.3058506e-07	6.435013
6.699999999999997e-10	0.012612741	0.05461248	-0.36996567	1.306444e-07	5.932617
6.799999999999996e-10	0.01143788	0.05677685	-0.36955184	1.3069736e-07	5.2963257
6.899999999999996e-10	0.010095234	0.05907549	-0.3691879	1.3074396e-07	4.6592712
6.999999999999995e-10	0.008517746	0.061467323	-0.36885875	1.3078608e-07	4.2129517
7.099999999999995e-10	0.0066442373	0.06387889	-0.36853036	1.3082811e-07	4.2030334
7.199999999999995e-10	0.004436241	0.066203386	-0.3681493	1.308769e-07	4.878235
7.299999999999994e-10	0.001896741	0.068311214	-0.36764765	1.309411e-07	6.4208984
7.399999999999994e-10	-0.0009182078	0.07007374	-0.36695397	1.3102989e-07	8.879089
7.499999999999994e-10	-0.0039044777	0.07139413	-0.3660054	1.3115131e-07	12.141418
7.599999999999993e-10	-0.0069335666	0.07223166	-0.36475727	1.3131107e-07	15.976334
7.699999999999993e-10	-0.009885319	0.072606914	-0.3631866	1.3151211e-07	20.104599
7.799999999999993e-10	-0.012673581	0.07258646	-0.3612905	1.3175482e-07	24.269867
7.899999999999992e-10	-0.01525434	0.07225752	-0.3590815	1.3203757e-07	28.2753
7.999999999999992e-10	-0.017618151	0.071706295	-0.35658145	1.3235757e-07	32.000732
8.099999999999992e-10	-0.019776687	0.07100636	-0.35381705	1.3271142e-07	35.38437
8.199999999999991e-10	-0.021751337	0.07021528	-0.35081628	1.3309551e-07	38.409805
8.299999999999991e-10	-0.023566185	0.06937503	-0.34760615	1.3350642e-07	41.08963
8.399999999999991e-10	-0.025244098	0.06851381	-0.34421122	1.3394096e-07	43.455124
8.49999999999999e-10	-0.026804715	0.067648426	-0.34065387	1.343963e-07	45.534134
8.59999999999999e-10	-0.028263777	0.066786975	-0.33695367	1.3486992e-07	47.362137
8.69999999999999e-10	-0.029633475	0.06593159	-0.33312833	1.3535957e-07	48.96469
8.799999999999989e-10	-0.030923367	0.06508088	-0.3291933	1.3586326e-07	50.3685
8.899999999999989e-10	-0.03214139	0.064232	-0.3251623	1.3637923e-07	51.596832
8.999999999999989e-10	-0.033294648	0.06338227	-0.3210478	1.3690588e-07	52.66533
9.099999999999988e-10	-0.034389824	0.06253004	-0.31686103	1.3744179e-07	53.590775
9.199999999999988e-10	-0.03543326	0.0616751	-0.3126118	1.379857e-07	54.390335
9.299999999999988e-10	-0.036430806	0.0608187	-0.30830893	1.3853645e-07	55.076218
9.399999999999988e-10	-0.037387628	0.05996337	-0.30396038	1.3909307e-07	55.661774
9.499999999999988e-10	-0.03830804	0.059112813	-0.29957318	1.3965463e-07	56.15616
9.599999999999988e-10	-0.039195627	0.058271468	-0.2951534	1.4022037e-07	56.572723
9.699999999999987e-10	-0.040053386	0.05744407	-0.29070663	1.4078955e-07	56.919098
9.799999999999987e-10	-0.040883984	0.056635052	-0.28623742	1.4136161e-07	57.205963
9.899999999999986e-10	-0.041689865	0.05584794	-0.28174984	1.4193601e-07	57.44095
9.999999999999986e-10	-0.04247332	0.05508497	-0.27724743	1.4251233e-07	57.63092
1.0099999999999986e-09	-0.04323642	0.054346856	-0.2727332	1.4309015e-07	57.781982
1.0199999999999985e-09	-0.043980896	0.053632863	-0.26820973	1.4366915e-07	57.90062
1.0299999999999985e-09	-0.04470807	0.052940972	-0.26367953	1.4424901e-07	57.98645
1.0399999999999985e-09	-0.045418732	0.052268177	-0.2591449	1.4482946e-07	58.04329
1.0499999999999984e-09	-0.046113193	0.051610768	-0.25460812	1.4541017e-07	58.071136
1.0599999999999984e-09	-0.04679131	0.050964743	-0.25007153	1.4599084e-07	58.068085
1.0699999999999984e-09	-0.047452535	0.05032596	-0.245538	1.4657114e-07	58.029175
1.0799999999999983e-09	-0.04809606	0.04969038	-0.24101043	1.4715067e-07	57.95288
1.0899999999999983e-09	-0.048720893	0.049054142	-0.23649226	1.47729e-07	57.832527
1.0999999999999983e-09	-0.0493259	0.04841362	-0.23198713	1.4830565e-07	57.665443
1.1099999999999982e-09	-0.049909916	0.047765438	-0.22749946	1.4888008e-07	57.442474
1.1199999999999982e-09	-0.05047172	0.047106408	-0.22303368	1.494517e-07	57.161903
1.1299999999999982e-09	-0.051010065	0.046433482	-0.21859513	1.5001983e-07	56.81343
1.1399999999999981e-09	-0.051523633	0.045743737	-0.21418929	1.5058377e-07	56.394768
1.149999999999998e-09	-0.052011106	0.045034282	-0.20982231	1.5114274e-07	55.89733
1.159999999999998e-09	-0.05247098	0.04430222	-0.20550075	1.516959e-07	55.31597
1.169999999999998e-09	-0.052901622	0.043544695	-0.20123161	1.5224235e-07	54.644966
1.179999999999998e-09	-0.05330118	0.042758826	-0.19702233	1.5278114e-07	53.878784
1.189999999999998e-09	-0.053667523	0.041941788	-0.19288082	1.5331126e-07	53.011513
1.199999999999998e-09	-0.05399812	0.0410908	-0.1888153	1.5383164e-07	52.038574
1.2099999999999979e-09	-0.054290023	0.04020323	-0.18483426	1.5434121e-07	50.9573
1.2199999999999979e-09	-0.05453974	0.0392766	-0.18094653	1.5483884e-07	49.762917
1.2299999999999978e-09	-0.05474323	0.038308766	-0.17716084	1.553234e-07	48.456764
1.2399999999999978e-09	-0.054895822	0.03729792	-0.17348596	1.557938e-07	47.03846
1.2499999999999978e-09	-0.054992266	0.036242787	-0.16993028	1.5624893e-07	45.51277
1.2599999999999977e-09	-0.055026762	0.03514275	-0.16650169	1.5668779e-07	43.885994
1.2699999999999977e-09	-0.05499302	0.03399796	-0.16320719	1.5710948e-07	42.16957
1.2799999999999976e-09	-0.054884523	0.03280951	-0.16005272	1.5751326e-07	40.377045
1.2899999999999976e-09	-0.05469473	0.03157953	-0.15704268	1.5789854e-07	38.528633
1.2999999999999976e-09	-0.05441742	0.03031125	-0.1541798	1.5826498e-07	36.644936
1.3099999999999975e-09	-0.054047026	0.029009005	-0.1514648	1.5861251e-07	34.751892
1.3199999999999975e-09	-0.05357907	0.02767811	-0.14889644	1.5894126e-07	32.87506
1.3299999999999975e-09	-0.05301052	0.026324702	-0.14647135	1.5925167e-07	31.040955
1.3399999999999974e-09	-0.052340105	0.024955427	-0.14418423	1.5954441e-07	29.275322
1.3499999999999974e-09	-0.051568523	0.023577102	-0.1420281	1.598204e-07	27.598763
1.3599999999999974e-09	-0.050698522	0.022196326	-0.13999455	1.600807e-07	26.029205
1.3699999999999973e-09	-0.04973481	0.020819152	-0.13807423	1.603265e-07	24.580193
1.3799999999999973e-09	-0.048683852	0.019450752	-0.13625725	1.6055907e-07	23.257256
1.3899999999999973e-09	-0.04755354	0.018095229	-0.13453346	1.6077972e-07	22.06459
1.3999999999999972e-09	-0.04635279	0.016755497	-0.13289297	1.609897e-07	20.998192
1.4099999999999972e-09	-0.04509113	0.0154332705	-0.13132629	1.6119023e-07	20.053291
1.4199999999999972e-09	-0.043778263	0.014129122	-0.12982464	1.6138245e-07	19.221115
1.4299999999999971e-09	-0.042423703	0.012842586	-0.12838	1.6156736e-07	18.491554
1.439999999999997e-09	-0.041036453	0.01157229	-0.12698519	1.617459e-07	17.853546
1.449999999999997e-09	-0.039624747	0.010316089	-0.12563394	1.6191886e-07	17.296028
1.459999999999997e-09	-0.03819585	0.009071221	-0.12432085	1.6208693e-07	16.807747
1.469999999999997e-09	-0.036755946	0.007834438	-0.123041205	1.6225073e-07	16.379166
1.479999999999997e-09	-0.035310086	0.006602209	-0.121791035	1.6241074e-07	16.002083
1.489999999999997e-09	-0.033862203	0.0053709093	-0.12056686	1.6256745e-07	15.669632
1.4999999999999969e-09	-0.032415204	0.004137085	-0.11936564	1.627212e-07	15.37571
1.5099999999999969e-09	-0.030971082	0.0028977406	-0.118184485	1.6287238e-07	15.11879
1.5199999999999968e-09	-0.029531145	0.001650635	-0.11702067	1.6302135e-07	14.896774
1.5299999999999968e-09	-0.02809627	0.000394546	-0.11587133	1.6316847e-07	14.711475
1.5399999999999967e-09	-0.026667178	-0.00087051233	-0.114733465	1.6331411e-07	14.564705
1.5499999999999967e-09	-0.025244752	-0.0021431942	-0.113603726	1.6345872e-07	14.460564
1.5599999999999967e-09	-0.023830315	-0.003420828	-0.112478495	1.6360275e-07	14.402962
1.5699999999999966e-09	-0.022425905	-0.004699556	-0.11135378	1.6374672e-07	14.396572
1.5799999999999966e-09	-0.021034451	-0.0059745833	-0.11022526	1.6389117e-07	14.444923
1.5899999999999966e-09	-0.019659905	-0.007240488	-0.10908843	1.6403668e-07	14.551449
1.5999999999999965e-09	-0.01830727	-0.00849158	-0.10793861	1.6418386e-07	14.717579
1.6099999999999965e-09	-0.016982544	-0.00972223	-0.10677111	1.643333e-07	14.944077
1.6199999999999965e-09	-0.015692588	-0.010927178	-0.10558128	1.644856e-07	15.229988
1.6299999999999964e-09	-0.014444916	-0.012101766	-0.10436469	1.6464132e-07	15.572166
1.6399999999999964e-09	-0.013247453	-0.013242108	-0.10311715	1.6480101e-07	15.9685135
1.6499999999999964e-09	-0.012108253	-0.014345214	-0.10183483	1.6496514e-07	16.413689
1.6599999999999963e-09	-0.011035212	-0.015409045	-0.10051428	1.6513417e-07	16.90321
1.6699999999999963e-09	-0.01003579	-0.016432568	-0.099152446	1.6530849e-07	17.43145
1.6799999999999963e-09	-0.0091167465	-0.01741577	-0.09774676	1.6548842e-07	17.992687
1.6899999999999962e-09	-0.008283926	-0.018359687	-0.096295126	1.6567422e-07	18.580818
1.6999999999999962e-09	-0.007542078	-0.019266423	-0.0947959	1.6586613e-07	19.190311
1.7099999999999962e-09	-0.0068947314	-0.020139148	-0.093247965	1.6606425e-07	19.813347
1.7199999999999961e-09	-0.006344107	-0.020982109	-0.09165077	1.662687e-07	20.444298
1.729999999999996e-09	-0.005891065	-0.021800589	-0.090004265	1.6647945e-07	21.075344
1.739999999999996e-09	-0.005535097	-0.022600833	-0.08830908	1.6669644e-07	21.698189
1.749999999999996e-09	-0.0052743233	-0.02338996	-0.08656648	1.6691949e-07	22.305298
1.759999999999996e-09	-0.0051055364	-0.02417575	-0.08477846	1.6714836e-07	22.886658
1.769999999999996e-09	-0.005024258	-0.024966482	-0.08294776	1.673827e-07	23.433018
1.779999999999996e-09	-0.0050248425	-0.02577066	-0.081077926	1.6762202e-07	23.933792
1.7899999999999959e-09	-0.005100603	-0.026596785	-0.07917329	1.6786582e-07	24.379349
1.7999999999999959e-09	-0.005243981	-0.027453111	-0.07723898	1.6811342e-07	24.759197
1.8099999999999958e-09	-0.005446733	-0.028347455	-0.0752809	1.6836404e-07	25.063515
1.8199999999999958e-09	-0.005700133	-0.02928706	-0.07330567	1.6861688e-07	25.282955
1.8299999999999957e-09	-0.005995166	-0.030278504	-0.07132059	1.6887097e-07	25.40884
1.8399999999999957e-09	-0.0063227015	-0.031327695	-0.06933357	1.691253e-07	25.433922
1.8499999999999957e-09	-0.006673633	-0.032439906	-0.06735306	1.6937881e-07	25.350475
1.8599999999999956e-09	-0.007038965	-0.033619903	-0.065387994	1.6963034e-07	25.15297
1.869999999999996e-09	-0.007409844	-0.03487201	-0.063447714	1.6987869e-07	24.835491
1.879999999999996e-09	-0.0077775302	-0.036200337	-0.061542	1.7012262e-07	24.39313
1.889999999999996e-09	-0.008133283	-0.03760887	-0.05968095	1.7036083e-07	23.821402
1.8999999999999963e-09	-0.008468166	-0.039101675	-0.057875026	1.70592e-07	23.115921
1.9099999999999965e-09	-0.008772762	-0.040683005	-0.05613502	1.7081472e-07	22.272015
1.9199999999999967e-09	-0.009036742	-0.042357363	-0.054472014	1.7102758e-07	21.286488
1.929999999999997e-09	-0.009248314	-0.044129495	-0.052897293	1.7122915e-07	20.156431
1.939999999999997e-09	-0.009393497	-0.04600413	-0.05142215	1.7141797e-07	18.88175
1.949999999999997e-09	-0.009455226	-0.04798553	-0.050057527	1.7159263e-07	17.467213
1.9599999999999974e-09	-0.009412333	-0.050076466	-0.048813317	1.7175189e-07	15.925932
1.9699999999999975e-09	-0.009238557	-0.052276578	-0.04769732	1.7189474e-07	14.2848015
1.9799999999999977e-09	-0.008901876	-0.05457981	-0.046713512	1.7202068e-07	12.592697
1.989999999999998e-09	-0.008364784	-0.056970768	-0.04585972	1.7212996e-07	10.928631
1.999999999999998e-09	-0.0075863875	-0.05942031	-0.045124687	1.7222403e-07	9.408236
2.0099999999999982e-09	-0.006527339	-0.061881226	-0.044485237	1.7230589e-07	8.185005
2.0199999999999984e-09	-0.0051581133	-0.06428607	-0.04390435	1.7238024e-07	7.435417
2.0299999999999986e-09	-0.0034696541	-0.066549726	-0.043331955	1.7245351e-07	7.3266983
2.0399999999999987e-09	-0.0014831289	-0.06857893	-0.04270902	1.7253325e-07	7.973528
2.049999999999999e-09	0.0007461535	-0.07028813	-0.041974694	1.7262724e-07	9.399319
2.059999999999999e-09	0.0031346218	-0.071617156	-0.04107432	1.7274249e-07	11.52482
2.0699999999999993e-09	0.005585736	-0.0725434	-0.039965734	1.7288438e-07	14.189911
2.0799999999999994e-09	0.008008933	-0.07308287	-0.03862229	1.7305635e-07	17.196035
2.0899999999999996e-09	0.01033429	-0.073280506	-0.037032627	1.7325982e-07	20.347738
2.0999999999999998e-09	0.012518061	-0.07319519	-0.035198078	1.7349464e-07	23.482227
2.11e-09	0.014539931	-0.07288689	-0.03312927	1.7375946e-07	26.480722
2.12e-09	0.016396351	-0.07240894	-0.030842677	1.7405213e-07	29.268383
2.1300000000000003e-09	0.018094033	-0.07180548	-0.028357783	1.743702e-07	31.80666
2.1400000000000005e-09	0.019645303	-0.07111157	-0.025695015	1.7471103e-07	34.08346
2.1500000000000006e-09	0.021065084	-0.070354365	-0.02287434	1.7507209e-07	36.104584
2.160000000000001e-09	0.02236895	-0.0695543	-0.01991447	1.7545095e-07	37.88638
2.170000000000001e-09	0.023571983	-0.06872663	-0.016832402	1.7584546e-07	39.450455
2.180000000000001e-09	0.0246882	-0.06788276	-0.013643231	1.7625366e-07	40.821373
2.1900000000000013e-09	0.025730403	-0.06703145	-0.010360144	1.7667391e-07	42.02353
2.2000000000000015e-09	0.02671018	-0.066179864	-0.0069944756	1.7710471e-07	43.080555
2.2100000000000017e-09	0.027637808	-0.06533423	-0.0035558422	1.7754485e-07	44.014503
2.220000000000002e-09	0.02852214	-0.06450036	-5.2317162e-05	1.779933e-07	44.845123
2.230000000000002e-09	0.029370513	-0.0636838	0.0035093902	1.784492e-07	45.589855
2.240000000000002e-09	0.030188667	-0.06288985	0.0071237674	1.7891185e-07	46.26403
2.2500000000000024e-09	0.030980911	-0.062123567	0.010786301	1.7938065e-07	46.880436
2.2600000000000025e-09	0.031750258	-0.061389565	0.014493347	1.7985515e-07	47.450184
2.2700000000000027e-09	0.032498788	-0.060691856	0.018241994	1.8033498e-07	47.98268
2.280000000000003e-09	0.03322797	-0.060033657	0.022029966	1.8081984e-07	48.486042
2.290000000000003e-09	0.033938937	-0.059417196	0.025855545	1.8130952e-07	48.967407
2.3000000000000032e-09	0.034632687	-0.05884356	0.029717512	1.8180384e-07	49.43323
2.3100000000000034e-09	0.03531019	-0.058312688	0.033615068	1.8230273e-07	49.888657
2.3200000000000036e-09	0.035972342	-0.057823446	0.037547793	1.8280612e-07	50.33889
2.3300000000000037e-09	0.036619984	-0.057373792	0.04151556	1.8331399e-07	50.787403
2.340000000000004e-09	0.037253793	-0.05696103	0.045518473	1.8382636e-07	51.237297
2.350000000000004e-09	0.037874255	-0.056582026	0.04955682	1.8434328e-07	51.690865
2.3600000000000043e-09	0.03848168	-0.056233436	0.053630956	1.8486476e-07	52.14896
2.3700000000000044e-09	0.03907615	-0.055911962	0.057741303	1.8539089e-07	52.61245
2.3800000000000046e-09	0.039657593	-0.055614464	0.061888233	1.8592169e-07	53.080654
2.3900000000000048e-09	0.040225826	-0.055338062	0.0660721	1.8645723e-07	53.553486
2.400000000000005e-09	0.04078059	-0.055080242	0.07029313	1.8699753e-07	54.02918
2.410000000000005e-09	0.04132162	-0.05483886	0.07455149	1.875426e-07	54.507065
2.4200000000000053e-09	0.041848663	-0.054612093	0.07884724	1.8809244e-07	54.985523
2.4300000000000055e-09	0.042361543	-0.054398507	0.083180316	1.8864708e-07	55.46341
2.4400000000000056e-09	0.042860128	-0.054196987	0.08755061	1.8920647e-07	55.93977
2.450000000000006e-09	0.043344393	-0.054006703	0.0919579	1.8977062e-07	56.41327
2.460000000000006e-09	0.043814372	-0.053827114	0.09640194	1.9033945e-07	56.883717
2.470000000000006e-09	0.04427016	-0.053657927	0.100882515	1.9091296e-07	57.3514
2.4800000000000063e-09	0.044711888	-0.053499073	0.10539932	1.9149111e-07	57.815075
2.4900000000000065e-09	0.045139678	-0.053350665	0.109952144	1.9207387e-07	58.27627
2.5000000000000067e-09	0.04555364	-0.053213015	0.11454076	1.9266122e-07	58.734226
2.510000000000007e-09	0.04595381	-0.053086527	0.119165	1.9325311e-07	59.190273
2.520000000000007e-09	0.046340164	-0.05297172	0.12382472	1.9384956e-07	59.644413
2.530000000000007e-09	0.046712592	-0.052869145	0.12851983	1.9445054e-07	60.09741
2.5400000000000074e-09	0.04707089	-0.052779373	0.13325019	1.9505602e-07	60.54859
2.5500000000000075e-09	0.04741478	-0.052702926	0.13801576	1.9566602e-07	60.999107
2.5600000000000077e-09	0.047743868	-0.052640285	0.14281644	1.9628051e-07	61.44886
2.570000000000008e-09	0.048057728	-0.052591853	0.14765213	1.9689948e-07	61.896896
2.580000000000008e-09	0.048355844	-0.0525579	0.15252267	1.9752291e-07	62.342834
2.5900000000000082e-09	0.048637684	-0.052538604	0.1574278	1.9815076e-07	62.78572
2.6000000000000084e-09	0.048902687	-0.05253401	0.1623673	1.9878301e-07	63.225555
2.6100000000000086e-09	0.049150273	-0.052544035	0.16734074	1.9941962e-07	63.66005
2.6200000000000087e-09	0.049379908	-0.05256849	0.1723476	2.000605e-07	64.08787
2.630000000000009e-09	0.04959105	-0.052607063	0.17738727	2.0070557e-07	64.507675
2.640000000000009e-09	0.049783234	-0.052659363	0.18245901	2.0135475e-07	64.91833
2.6500000000000093e-09	0.04995604	-0.05272487	0.18756197	2.0200794e-07	65.31792
2.6600000000000094e-09	0.050109114	-0.05280304	0.19269504	2.0266496e-07	65.7032
2.6700000000000096e-09	0.050242186	-0.052893214	0.19785713	2.0332571e-07	66.07475
2.6800000000000098e-09	0.05035508	-0.052994695	0.20304687	2.0399e-07	66.42876
2.69000000000001e-09	0.0504477	-0.05310675	0.2082629	2.0465765e-07	66.76521
2.70000000000001e-09	0.05052004	-0.053228587	0.21350361	2.0532846e-07	67.08107
2.7100000000000103e-09	0.050572213	-0.05335942	0.21876739	2.0600223e-07	67.37633
2.7200000000000105e-09	0.050604396	-0.053498417	0.22405243	2.066787e-07	67.648506
2.7300000000000106e-09	0.050616857	-0.05364477	0.22935688	2.0735769e-07	67.89703
2.740000000000011e-09	0.050609972	-0.053797636	0.23467885	2.080389e-07	68.12115
2.750000000000011e-09	0.050584164	-0.053956244	0.24001625	2.0872208e-07	68.31875
2.760000000000011e-09	0.05053994	-0.05411979	0.24536715	2.0940699e-07	68.491554
2.7700000000000113e-09	0.050477862	-0.054287527	0.2507294	2.1009336e-07	68.636894
2.7800000000000115e-09	0.050398555	-0.054458745	0.25610098	2.1078093e-07	68.75572
2.7900000000000117e-09	0.050302655	-0.05463278	0.26147974	2.1146941e-07	68.84842
2.800000000000012e-09	0.05019086	-0.054808978	0.26686358	2.1215854e-07	68.91327
2.810000000000012e-09	0.05006388	-0.054986782	0.27225053	2.1284806e-07	68.95294
2.820000000000012e-09	0.04992245	-0.05516568	0.27763855	2.1353773e-07	68.966675
2.8300000000000124e-09	0.04976732	-0.055345174	0.28302562	2.1422728e-07	68.95447
2.8400000000000125e-09	0.049599245	-0.055524852	0.2884099	2.1491647e-07	68.91823
2.8500000000000127e-09	0.04941897	-0.05570436	0.2937894	2.1560504e-07	68.857956
2.860000000000013e-09	0.04922726	-0.05588339	0.2991625	2.162928e-07	68.77594
2.870000000000013e-09	0.04902485	-0.056061685	0.3045275	2.1697952e-07	68.6718
2.8800000000000132e-09	0.048812494	-0.056239042	0.30988264	2.1766498e-07	68.54591
2.8900000000000134e-09	0.048590917	-0.056415327	0.31522655	2.18349e-07	68.4021
2.9000000000000136e-09	0.048360825	-0.056590453	0.32055783	2.190314e-07	68.24036
2.9100000000000137e-09	0.04812292	-0.056764368	0.32587504	2.19712e-07	68.0603
2.920000000000014e-09	0.04787788	-0.056937095	0.33117712	2.2039067e-07	67.866516
2.930000000000014e-09	0.04762635	-0.057108674	0.33646286	2.2106724e-07	67.65747
2.9400000000000142e-09	0.04736895	-0.05727922	0.34173128	2.217416e-07	67.43584
2.9500000000000144e-09	0.04710627	-0.05744886	0.34698147	2.2241363e-07	67.20276
2.9600000000000146e-09	0.04683885	-0.057617757	0.35221267	2.2308322e-07	66.959
2.9700000000000148e-09	0.046567205	-0.057786133	0.3574242	2.2375029e-07	66.70761
2.980000000000015e-09	0.046291802	-0.05795419	0.36261538	2.2441476e-07	66.44707
2.990000000000015e-09	0.046013072	-0.058122154	0.3677858	2.2507659e-07	66.181564
3.0000000000000153e-09	0.045731366	-0.058290277	0.37293494	2.2573568e-07	65.909195
3.0100000000000155e-09	0.045447018	-0.058458827	0.37806252	2.26392e-07	65.63225
3.0200000000000156e-09	0.045160286	-0.058628026	0.38316822	2.2704553e-07	65.35339
3.030000000000016e-09	0.044871394	-0.05879813	0.38825175	2.2769622e-07	65.0692
3.040000000000016e-09	0.044580527	-0.058969352	0.39331296	2.2834406e-07	64.78348
3.050000000000016e-09	0.044287797	-0.059141926	0.3983517	2.2898902e-07	64.49585
3.0600000000000163e-09	0.04399327	-0.05931601	0.40336797	2.296311e-07	64.20822
3.0700000000000165e-09	0.043696996	-0.059491783	0.40836143	2.3027026e-07	63.916397
3.0800000000000167e-09	0.043398947	-0.05966938	0.4133322	2.3090652e-07	63.625717
3.090000000000017e-09	0.04309911	-0.0598489	0.41828007	2.3153984e-07	63.33275
3.100000000000017e-09	0.0427974	-0.06003041	0.4232049	2.3217022e-07	63.037872
3.110000000000017e-09	0.04249373	-0.06021395	0.42810673	2.3279766e-07	62.743378
3.1200000000000174e-09	0.042187985	-0.060399506	0.43298525	2.3342211e-07	62.44507
3.1300000000000175e-09	0.041880038	-0.06058705	0.4378404	2.3404357e-07	62.145996
3.1400000000000177e-09	0.041569754	-0.060776506	0.44267184	2.34662e-07	61.842346
3.150000000000018e-09	0.041256994	-0.06096777	0.44747955	2.3527738e-07	61.538696
3.160000000000018e-09	0.040941622	-0.061160687	0.45226312	2.3588967e-07	61.229706
3.1700000000000182e-09	0.0406235	-0.061355107	0.45702222	2.3649883e-07	60.916138
3.1800000000000184e-09	0.04030251	-0.0615508	0.46175647	2.3710483e-07	60.598755
3.1900000000000186e-09	0.039978534	-0.061747577	0.4664655	2.3770758e-07	60.27565
3.2000000000000187e-09	0.03965148	-0.061945166	0.4711488	2.3830704e-07	59.94606
3.210000000000019e-09	0.039321262	-0.062143303	0.47580594	2.3890317e-07	59.61151
3.220000000000019e-09	0.03898783	-0.062341724	0.4804363	2.3949585e-07	59.26857
3.2300000000000192e-09	0.03865115	-0.062540144	0.4850393	2.4008503e-07	58.91838
3.2400000000000194e-09	0.0383112	-0.06273826	0.48961446	2.4067066e-07	58.562088
3.2500000000000196e-09	0.037967984	-0.06293579	0.49416107	2.4125262e-07	58.19664
3.2600000000000198e-09	0.037621535	-0.063132435	0.49867827	2.418308e-07	57.82013
3.27000000000002e-09	0.037271913	-0.063327916	0.5031657	2.424052e-07	57.439423
3.28000000000002e-09	0.03691918	-0.06352198	0.50762266	2.429757e-07	57.048798
3.2900000000000203e-09	0.03656343	-0.06371437	0.5120482	2.4354216e-07	56.64673
3.3000000000000205e-09	0.03620478	-0.06390482	0.5164417	2.4410454e-07	56.236267
3.3100000000000206e-09	0.035843343	-0.06409314	0.5208025	2.4466271e-07	55.81894
3.320000000000021e-09	0.035479262	-0.06427914	0.52512985	2.4521663e-07	55.390167
3.330000000000021e-09	0.035112705	-0.06446263	0.52942324	2.457662e-07	54.95529
3.340000000000021e-09	0.034743812	-0.064643495	0.5336818	2.4631126e-07	54.509735
3.3500000000000213e-09	0.03437276	-0.06482157	0.537905	2.4685184e-07	54.05655
3.3600000000000215e-09	0.033999722	-0.06499681	0.5420921	2.473878e-07	53.59497
3.3700000000000217e-09	0.033624873	-0.06516912	0.5462425	2.4791905e-07	53.125
3.380000000000022e-09	0.033248395	-0.06533846	0.5503557	2.4844553e-07	52.648926
3.390000000000022e-09	0.032870445	-0.06550482	0.554431	2.4896718e-07	52.16446
3.400000000000022e-09	0.03249122	-0.065668195	0.5584681	2.4948392e-07	51.674652
3.4100000000000223e-09	0.03211086	-0.0658286	0.5624663	2.499957e-07	51.17798
3.4200000000000225e-09	0.031729534	-0.065986075	0.56642526	2.5050244e-07	50.673676
3.4300000000000227e-09	0.031347394	-0.066140674	0.5703444	2.5100408e-07	50.164795
3.440000000000023e-09	0.03096457	-0.06629246	0.5742233	2.5150058e-07	49.64981
3.450000000000023e-09	0.030581206	-0.06644148	0.57806164	2.5199188e-07	49.131012
3.4600000000000232e-09	0.030197416	-0.06658784	0.5818592	2.5247797e-07	48.6084
3.4700000000000234e-09	0.029813318	-0.066731624	0.5856154	2.5295878e-07	48.07968
3.4800000000000236e-09	0.029428996	-0.06687289	0.58933014	2.5343425e-07	47.548676
3.4900000000000237e-09	0.029044554	-0.06701172	0.59300286	2.5390437e-07	47.010803
3.500000000000024e-09	0.028660063	-0.06714824	0.5966335	2.543691e-07	46.472168
3.510000000000024e-09	0.028275605	-0.06728249	0.6002217	2.5482836e-07	45.928955
3.5200000000000242e-09	0.02789122	-0.06741452	0.60376734	2.5528223e-07	45.384216
3.5300000000000244e-09	0.02750698	-0.06754443	0.60727006	2.5573055e-07	44.834137
3.5400000000000246e-09	0.027122917	-0.06767228	0.6107297	2.561734e-07	44.284058
3.5500000000000248e-09	0.02673909	-0.067798086	0.614146	2.566107e-07	43.7294
3.560000000000025e-09	0.02635552	-0.06792191	0.6175189	2.5704242e-07	43.172455
3.570000000000025e-09	0.025972243	-0.068043776	0.6208481	2.5746857e-07	42.613983
3.5800000000000253e-09	0.025589287	-0.0681637	0.6241335	2.578891e-07	42.053223
3.5900000000000254e-09	0.025206683	-0.06828172	0.6273747	2.5830397e-07	41.48712
3.6000000000000256e-09	0.024824455	-0.06839781	0.6305719	2.5871321e-07	40.924072
3.6100000000000258e-09	0.02444263	-0.068511985	0.6337247	2.5911677e-07	40.355682
3.620000000000026e-09	0.024061244	-0.06862423	0.63683295	2.5951462e-07	39.785767
3.630000000000026e-09	0.023680316	-0.068734534	0.63989663	2.5990676e-07	39.215088
3.6400000000000263e-09	0.023299888	-0.06884289	0.6429155	2.6029318e-07	38.641357
3.6500000000000265e-09	0.02291999	-0.06894927	0.64588934	2.6067383e-07	38.06534
3.6600000000000267e-09	0.022540662	-0.06905364	0.64881825	2.6104874e-07	37.49008
3.670000000000027e-09	0.022161953	-0.06915598	0.6517019	2.6141785e-07	36.91101
3.680000000000027e-09	0.021783905	-0.06925625	0.6545403	2.6178117e-07	36.331177
3.690000000000027e-09	0.021406578	-0.069354445	0.6573334	2.6213868e-07	35.751343
3.7000000000000273e-09	0.021030022	-0.06945055	0.66008085	2.6249035e-07	35.167694
3.7100000000000275e-09	0.020654298	-0.0695445	0.66278267	2.6283618e-07	34.583282
3.7200000000000277e-09	0.02027948	-0.06963629	0.6654389	2.631762e-07	33.999634
3.7300000000000274e-09	0.019905629	-0.06972593	0.66804934	2.6351032e-07	33.413696
3.740000000000027e-09	0.019532828	-0.06981337	0.6706141	2.6383861e-07	32.830048
3.750000000000027e-09	0.019161152	-0.069898605	0.67313296	2.6416103e-07	32.240295
3.760000000000027e-09	0.01879069	-0.069981635	0.675606	2.6447756e-07	31.65512
3.7700000000000265e-09	0.018421518	-0.07006245	0.6780331	2.6478824e-07	31.066895
3.780000000000026e-09	0.018053738	-0.07014105	0.6804146	2.6509306e-07	30.483246
3.790000000000026e-09	0.017687438	-0.07021744	0.6827501	2.65392e-07	29.894257
3.800000000000026e-09	0.017322717	-0.07029164	0.68503976	2.656851e-07	29.307556
3.8100000000000255e-09	0.016959667	-0.07036364	0.68728375	2.6597232e-07	28.723145
3.820000000000025e-09	0.016598396	-0.07043346	0.68948215	2.6625372e-07	28.139496
3.830000000000025e-09	0.016239004	-0.07050114	0.6916349	2.6652927e-07	27.555084
3.840000000000025e-09	0.015881598	-0.07056666	0.6937422	2.66799e-07	26.973724
3.8500000000000245e-09	0.015526281	-0.070630096	0.6958042	2.6706294e-07	26.393127
3.860000000000024e-09	0.0151731605	-0.07069144	0.6978211	2.673211e-07	25.816345
3.870000000000024e-09	0.014822347	-0.07075072	0.69979286	2.6757348e-07	25.2388
3.880000000000024e-09	0.014473945	-0.070807986	0.7017199	2.6782016e-07	24.665833
3.8900000000000236e-09	0.014128066	-0.07086324	0.7036024	2.6806111e-07	24.095917
3.900000000000023e-09	0.0137848165	-0.07091653	0.70544046	2.682964e-07	23.527527
3.910000000000023e-09	0.013444305	-0.070967905	0.7072344	2.68526e-07	22.962189
3.920000000000023e-09	0.013106645	-0.07101738	0.7089844	2.6875e-07	22.399902
3.930000000000023e-09	0.012771942	-0.07106498	0.7106909	2.6896845e-07	21.84372
3.940000000000022e-09	0.012440304	-0.071110755	0.7123541	2.6918133e-07	21.289062
3.950000000000022e-09	0.012111839	-0.07115473	0.7139744	2.6938872e-07	20.739746
3.960000000000022e-09	0.011786649	-0.071196966	0.7155519	2.6959066e-07	20.191956
3.970000000000022e-09	0.011464843	-0.07123746	0.7170873	2.6978717e-07	19.65332
3.980000000000021e-09	0.011146524	-0.07127628	0.7185808	2.6997833e-07	19.11621
3.990000000000021e-09	0.010831792	-0.07131344	0.7200328	2.701642e-07	18.585968
4.000000000000021e-09	0.010520749	-0.071348995	0.7214437	2.703448e-07	18.05954
4.010000000000021e-09	0.010213488	-0.07138295	0.7228141	2.705202e-07	17.540741
4.0200000000000204e-09	0.009910112	-0.07141537	0.7241442	2.7069046e-07	17.025757
4.03000000000002e-09	0.00961071	-0.0714463	0.7254347	2.7085565e-07	16.51764
4.04000000000002e-09	0.0093153715	-0.07147574	0.72668576	2.7101578e-07	16.0141
4.05000000000002e-09	0.009024187	-0.07150375	0.7278981	2.7117096e-07	15.518188
4.0600000000000195e-09	0.00873724	-0.07153035	0.72907233	2.7132126e-07	15.029907
4.070000000000019e-09	0.008454612	-0.07155561	0.7302088	2.7146672e-07	14.546967
4.080000000000019e-09	0.00817638	-0.07157952	0.73130804	2.7160743e-07	14.070129
4.090000000000019e-09	0.00790262	-0.07160218	0.7323708	2.7174346e-07	13.60321
4.1000000000000185e-09	0.0076334025	-0.07162358	0.7333974	2.7187488e-07	13.140869
4.110000000000018e-09	0.007368793	-0.07164378	0.7343885	2.7200173e-07	12.685394
4.120000000000018e-09	0.007108853	-0.07166282	0.7353448	2.7212414e-07	12.241364
4.130000000000018e-09	0.0068536433	-0.071680725	0.73626673	2.7224215e-07	11.8003845
4.1400000000000176e-09	0.0066032144	-0.071697555	0.737155	2.7235583e-07	11.370087
4.150000000000017e-09	0.006357614	-0.071713336	0.73801035	2.7246531e-07	10.948181
4.160000000000017e-09	0.006116889	-0.07172812	0.7388333	2.7257067e-07	10.533905
4.170000000000017e-09	0.0058810757	-0.071741946	0.73962444	2.7267194e-07	10.126495
4.1800000000000166e-09	0.0056502107	-0.07175484	0.74038434	2.727692e-07	9.726715
4.190000000000016e-09	0.005424321	-0.07176686	0.7411137	2.7286256e-07	9.33609
4.200000000000016e-09	0.0052034315	-0.07177806	0.7418136	2.7295212e-07	8.957672
4.210000000000016e-09	0.0049875616	-0.07178843	0.74248403	2.7303795e-07	8.582306
4.220000000000016e-09	0.004776724	-0.07179806	0.743126	2.7312012e-07	8.216858
4.230000000000015e-09	0.0045709284	-0.07180697	0.74374014	2.7319874e-07	7.861328
4.240000000000015e-09	0.004370179	-0.071815185	0.7443273	2.7327388e-07	7.5157166
4.250000000000015e-09	0.004174472	-0.071822755	0.7448878	2.7334565e-07	7.1746826
4.260000000000015e-09	0.003983803	-0.07182971	0.7454226	2.734141e-07	6.845093
4.270000000000014e-09	0.003798161	-0.07183611	0.74593234	2.7347934e-07	6.524658
4.280000000000014e-09	0.0036175307	-0.071841955	0.7464175	2.7354145e-07	6.209564
4.290000000000014e-09	0.0034418872	-0.07184729	0.74687886	2.736005e-07	5.9059143
4.300000000000014e-09	0.003271208	-0.071852155	0.74731725	2.736566e-07	5.6114197
4.3100000000000134e-09	0.0031054649	-0.0718566	0.74773306	2.7370984e-07	5.3222656
4.320000000000013e-09	0.002944622	-0.07186061	0.74812704	2.7376026e-07	5.04303
4.330000000000013e-09	0.00278864	-0.071864255	0.7485	2.73808e-07	4.773712
4.340000000000013e-09	0.0026374776	-0.07186753	0.7488525	2.7385312e-07	4.512024
4.3500000000000125e-09	0.0024910886	-0.0718705	0.7491851	2.738957e-07	4.257202
4.360000000000012e-09	0.0023494214	-0.071873136	0.7494986	2.7393583e-07	4.0130615
4.370000000000012e-09	0.002212423	-0.07187551	0.7497935	2.7397357e-07	3.7750244
4.380000000000012e-09	0.0020800354	-0.07187763	0.7500705	2.7400904e-07	3.5453796
4.3900000000000115e-09	0.0019521979	-0.071879506	0.75033003	2.7404226e-07	3.3226013
4.400000000000011e-09	0.0018288478	-0.071881175	0.7505731	2.7407336e-07	3.1105042
4.410000000000011e-09	0.00170992	-0.07188266	0.7508	2.741024e-07	2.9045105
4.420000000000011e-09	0.0015953457	-0.07188395	0.7510114	2.7412946e-07	2.7053833
4.4300000000000106e-09	0.0014850505	-0.07188508	0.7512079	2.7415462e-07	2.5154114
4.44000000000001e-09	0.0013789616	-0.07188606	0.75139	2.7417792e-07	2.33078
4.45000000000001e-09	0.0012770027	-0.07188693	0.75155836	2.7419946e-07	2.155304
4.46000000000001e-09	0.0011790945	-0.07188767	0.7517135	2.7421933e-07	1.9851685
4.4700000000000096e-09	0.0010851589	-0.07188833	0.7518559	2.7423755e-07	1.8234253
4.480000000000009e-09	0.0009951151	-0.07188887	0.75198615	2.7425423e-07	1.6670227
4.490000000000009e-09	0.00090887834	-0.07188935	0.7521048	2.742694e-07	1.5190125
4.500000000000009e-09	0.0008263655	-0.07188975	0.75221246	2.742832e-07	1.3778687
4.510000000000009e-09	0.0007474912	-0.0718901	0.7523093	2.742956e-07	1.2397766
4.520000000000008e-09	0.00067217025	-0.071890384	0.7523961	2.743067e-07	1.1108398
4.530000000000008e-09	0.00060031516	-0.071890645	0.75247324	2.7431656e-07	0.98724365
4.540000000000008e-09	0.0005318396	-0.07189084	0.75254107	2.7432526e-07	0.8682251
4.550000000000008e-09	0.0004666549	-0.07189103	0.7526002	2.7433282e-07	0.75683594
4.5600000000000074e-09	0.00040467322	-0.071891196	0.752651	2.7433933e-07	0.6500244
4.570000000000007e-09	0.00034580528	-0.07189134	0.7526939	2.743448e-07	0.5493164
4.580000000000007e-09	0.00028996417	-0.071891464	0.7527293	2.7434936e-07	0.45318604
4.590000000000007e-09	0.0002370631	-0.07189159	0.75275755	2.7435297e-07	0.3616333
4.6000000000000064e-09	0.0001870119	-0.071891695	0.7527791	2.7435573e-07	0.27618408
4.610000000000006e-09	0.00013972471	-0.071891814	0.7527945	2.743577e-07	0.19683838
4.620000000000006e-09	9.511517e-05	-0.07189192	0.7528038	2.7435888e-07	0.119018555
4.630000000000006e-09	5.3094795e-05	-0.07189203	0.75280756	2.7435937e-07	0.048065186
4.6400000000000055e-09	1.3579887e-05	-0.07189215	0.75280595	2.7435917e-07	-0.020599365
4.650000000000005e-09	-2.3513247e-05	-0.07189229	0.75279945	2.7435834e-07	-0.0831604
4.660000000000005e-09	-5.826954e-05	-0.07189243	0.7527884	2.7435692e-07	-0.1411438
4.670000000000005e-09	-9.0770875e-05	-0.07189257	0.75277287	2.7435493e-07	-0.1991272
4.6800000000000045e-09	-0.00012109973	-0.07189273	0.7527535	2.7435246e-07	-0.24795532
4.690000000000004e-09	-0.00014933657	-0.0718929	0.7527303	2.7434947e-07	-0.29678345
4.700000000000004e-09	-0.00017555992	-0.07189309	0.7527036	2.7434606e-07	-0.34179688
4.710000000000004e-09	-0.000199847	-0.071893275	0.7526737	2.7434223e-07	-0.3829956
4.7200000000000036e-09	-0.00022227672	-0.07189348	0.7526409	2.7433805e-07	-0.4196167
4.730000000000003e-09	-0.00024292333	-0.07189369	0.7526054	2.743335e-07	-0.4547119
4.740000000000003e-09	-0.0002618585	-0.07189392	0.75256735	2.743286e-07	-0.48675537
4.750000000000003e-09	-0.00027915594	-0.07189417	0.7525272	2.7432347e-07	-0.5142212
4.760000000000003e-09	-0.00029488592	-0.071894415	0.7524848	2.7431804e-07	-0.54244995
4.770000000000002e-09	-0.0003091194	-0.0718947	0.7524407	2.743124e-07	-0.5645752
4.780000000000002e-09	-0.00032192297	-0.07189495	0.7523948	2.7430653e-07	-0.5874634
4.790000000000002e-09	-0.0003333626	-0.07189524	0.7523475	2.7430048e-07	-0.605011
4.800000000000002e-09	-0.00034350116	-0.07189554	0.75229895	2.7429428e-07	-0.62179565
4.810000000000001e-09	-0.00035240198	-0.07189584	0.7522493	2.742879e-07	-0.63552856
4.820000000000001e-09	-0.00036012658	-0.07189614	0.75219864	2.7428143e-07	-0.64849854
4.830000000000001e-09	-0.0003667343	-0.07189646	0.7521472	2.7427484e-07	-0.65841675
4.840000000000001e-09	-0.0003722814	-0.07189679	0.752095	2.7426816e-07	-0.66833496
4.8500000000000004e-09	-0.0003768254	-0.07189712	0.7520423	2.7426142e-07	-0.6744385
4.86e-09	-0.00038041986	-0.07189745	0.75198925	2.7425463e-07	-0.6790161
4.87e-09	-0.0003831171	-0.0718978	0.7519357	2.7424778e-07	-0.6843567
4.88e-09	-0.0003849685	-0.071898125	0.75188214	2.742409e-07	-0.6866455
4.8899999999999995e-09	-0.00038602305	-0.07189846	0.75182855	2.7423405e-07	-0.68588257
4.899999999999999e-09	-0.00038632873	-0.07189881	0.75177485	2.7422718e-07	-0.68740845
4.909999999999999e-09	-0.00038593152	-0.07189917	0.7517213	2.7422033e-07	-0.6851196
4.919999999999999e-09	-0.00038487653	-0.0718995	0.751668	2.742135e-07	-0.6828308
4.9299999999999985e-09	-0.00038320536	-0.07189984	0.751615	2.742067e-07	-0.6782532
4.939999999999998e-09	-0.00038096015	-0.07190019	0.7515622	2.7419998e-07	-0.6752014
4.949999999999998e-09	-0.00037818047	-0.07190054	0.7515101	2.741933e-07	-0.667572
4.959999999999998e-09	-0.00037490414	-0.07190086	0.7514582	2.7418665e-07	-0.6637573
4.9699999999999975e-09	-0.0003711674	-0.0719012	0.7514071	2.741801e-07	-0.65460205
4.979999999999997e-09	-0.00036700655	-0.07190153	0.75135654	2.7417363e-07	-0.64697266
4.989999999999997e-09	-0.00036245555	-0.07190186	0.7513066	2.7416723e-07	-0.63934326
4.999999999999997e-09	-0.00035754594	-0.071902186	0.75125736	2.7416095e-07	-0.630188
5.0099999999999966e-09	-0.00035230952	-0.071902506	0.7512089	2.7415473e-07	-0.6202698
5.019999999999996e-09	-0.0003467759	-0.07190281	0.75116134	2.7414865e-07	-0.6088257
5.029999999999996e-09	-0.00034097274	-0.07190313	0.7511145	2.7414265e-07	-0.5996704
5.039999999999996e-09	-0.00033492825	-0.07190344	0.75106853	2.7413677e-07	-0.5882263
5.049999999999996e-09	-0.00032866755	-0.071903735	0.7510234	2.74131e-07	-0.57754517
5.059999999999995e-09	-0.00032221543	-0.07190401	0.75097936	2.7412537e-07	-0.56381226
5.069999999999995e-09	-0.00031559519	-0.0719043	0.7509361	2.7411983e-07	-0.55389404
5.079999999999995e-09	-0.00030882878	-0.07190459	0.75089383	2.741144e-07	-0.5409241
5.089999999999995e-09	-0.00030193783	-0.07190486	0.7508525	2.741091e-07	-0.52871704
5.099999999999994e-09	-0.00029494267	-0.07190513	0.7508122	2.7410397e-07	-0.51651
5.109999999999994e-09	-0.0002878604	-0.07190538	0.7507729	2.7409894e-07	-0.5027771
5.119999999999994e-09	-0.0002807106	-0.07190564	0.75073457	2.7409402e-07	-0.49209595
5.129999999999994e-09	-0.00027351035	-0.07190588	0.7506972	2.7408925e-07	-0.47683716
5.1399999999999934e-09	-0.0002662758	-0.07190612	0.75066096	2.740846e-07	-0.4638672
5.149999999999993e-09	-0.00025902095	-0.07190636	0.7506256	2.7408007e-07	-0.4524231
5.159999999999993e-09	-0.00025175957	-0.071906574	0.75059134	2.740757e-07	-0.4386902
5.169999999999993e-09	-0.00024450538	-0.0719068	0.75055796	2.7407143e-07	-0.4272461
5.1799999999999925e-09	-0.00023727096	-0.071907	0.7505257	2.740673e-07	-0.41275024
5.189999999999992e-09	-0.00023006763	-0.071907215	0.7504944	2.740633e-07	-0.4005432
5.199999999999992e-09	-0.00022290566	-0.0719074	0.7504641	2.740594e-07	-0.38833618
5.209999999999992e-09	-0.00021579606	-0.07190759	0.7504348	2.7405565e-07	-0.37460327
5.2199999999999915e-09	-0.00020874762	-0.071907766	0.7504064	2.74052e-07	-0.36392212
5.229999999999991e-09	-0.00020176957	-0.071907945	0.750379	2.7404852e-07	-0.3501892
5.239999999999991e-09	-0.0001948691	-0.071908124	0.7503526	2.7404514e-07	-0.33798218
5.249999999999991e-09	-0.00018805425	-0.07190829	0.7503271	2.7404187e-07	-0.3265381
5.2599999999999905e-09	-0.0001813312	-0.071908444	0.75030255	2.7403874e-07	-0.31433105
5.26999999999999e-09	-0.00017470642	-0.07190859	0.7502789	2.740357e-07	-0.30288696
5.27999999999999e-09	-0.00016818535	-0.07190873	0.7502561	2.7403277e-07	-0.29144287
5.28999999999999e-09	-0.00016177277	-0.071908884	0.7502342	2.7403e-07	-0.28076172
5.2999999999999896e-09	-0.00015547269	-0.07190901	0.7502132	2.740273e-07	-0.2685547
5.309999999999989e-09	-0.00014928992	-0.07190913	0.75019306	2.740247e-07	-0.25787354
5.319999999999989e-09	-0.00014322861	-0.07190925	0.7501736	2.7402223e-07	-0.24871826
5.329999999999989e-09	-0.00013729061	-0.07190937	0.7501552	2.7401987e-07	-0.23574829
5.339999999999989e-09	-0.00013148024	-0.07190948	0.7501374	2.740176e-07	-0.2281189
5.349999999999988e-09	-0.00012579869	-0.07190958	0.7501206	2.7401543e-07	-0.21514893
5.359999999999988e-09	-0.00012024885	-0.07190967	0.75010437	2.7401336e-07	-0.20751953
5.369999999999988e-09	-0.00011483201	-0.07190978	0.75008875	2.7401137e-07	-0.19989014
5.379999999999988e-09	-0.00010954879	-0.07190985	0.750074	2.7400947e-07	-0.18844604
5.389999999999987e-09	-0.00010440078	-0.07190994	0.7500601	2.740077e-07	-0.17852783
5.399999999999987e-09	-9.938772e-05	-0.07191002	0.75004673	2.7400597e-07	-0.17089844
5.409999999999987e-09	-9.451211e-05	-0.07191009	0.7500339	2.7400435e-07	-0.16326904
5.419999999999987e-09	-8.977244e-05	-0.07191017	0.750022	2.7400282e-07	-0.15335083
5.4299999999999864e-09	-8.516851e-05	-0.07191023	0.75001055	2.7400134e-07	-0.14648438
5.439999999999986e-09	-8.07001e-05	-0.071910314	0.74999976	2.7399997e-07	-0.13809204
5.449999999999986e-09	-7.6366756e-05	-0.071910374	0.7499895	2.7399867e-07	-0.13122559
5.459999999999986e-09	-7.216817e-05	-0.07191042	0.7499799	2.7399741e-07	-0.12283325
5.4699999999999855e-09	-6.810237e-05	-0.07191047	0.74997085	2.7399628e-07	-0.1159668
5.479999999999985e-09	-6.4169755e-05	-0.071910515	0.7499623	2.7399517e-07	-0.10986328
5.489999999999985e-09	-6.0367795e-05	-0.07191057	0.7499542	2.7399415e-07	-0.102996826
5.499999999999985e-09	-5.6695248e-05	-0.07191062	0.74994665	2.7399318e-07	-0.09689331
5.5099999999999845e-09	-5.3151638e-05	-0.07191065	0.74993956	2.7399227e-07	-0.090789795
5.519999999999984e-09	-4.9733862e-05	-0.07191069	0.749933	2.7399142e-07	-0.08392334
5.529999999999984e-09	-4.6439847e-05	-0.071910724	0.7499268	2.7399062e-07	-0.0793457
5.539999999999984e-09	-4.3269385e-05	-0.07191075	0.7499211	2.739899e-07	-0.07324219
5.5499999999999835e-09	-4.0219504e-05	-0.07191079	0.7499158	2.7398923e-07	-0.06790161
5.559999999999983e-09	-3.7288424e-05	-0.0719108	0.7499109	2.7398858e-07	-0.063323975
5.569999999999983e-09	-3.4472683e-05	-0.071910836	0.7499063	2.73988e-07	-0.0579834
5.579999999999983e-09	-3.1770694e-05	-0.07191086	0.7499022	2.7398747e-07	-0.052642822
5.5899999999999826e-09	-2.9178153e-05	-0.071910866	0.7498984	2.7398698e-07	-0.048828125
5.599999999999982e-09	-2.6697488e-05	-0.07191089	0.74989486	2.7398653e-07	-0.045013428
5.609999999999982e-09	-2.4324041e-05	-0.07191091	0.7498917	2.7398613e-07	-0.04043579
5.619999999999982e-09	-2.2053106e-05	-0.071910925	0.74988884	2.7398576e-07	-0.036621094
5.629999999999982e-09	-1.9885225e-05	-0.07191094	0.7498863	2.7398545e-07	-0.032806396
5.639999999999981e-09	-1.781594e-05	-0.07191095	0.74988407	2.7398517e-07	-0.02822876
5.649999999999981e-09	-1.584283e-05	-0.071910955	0.749882	2.7398488e-07	-0.02670288
5.659999999999981e-09	-1.3964575e-05	-0.07191097	0.74988025	2.7398468e-07	-0.022125244
5.669999999999981e-09	-1.21774565e-05	-0.07191098	0.74987864	2.7398445e-07	-0.020599365
5.67999999999998e-09	-1.0479865e-05	-0.07191098	0.7498774	2.739843e-07	-0.016021729
5.68999999999998e-09	-8.8699335e-06	-0.07191098	0.74987626	2.7398417e-07	-0.01449585
5.69999999999998e-09	-7.3447286e-06	-0.07191098	0.7498754	2.7398406e-07	-0.010681152
5.70999999999998e-09	-5.899916e-06	-0.071910985	0.74987465	2.7398394e-07	-0.009918213
5.7199999999999794e-09	-4.5342995e-06	-0.071910985	0.7498741	2.739839e-07	-0.006866455
5.729999999999979e-09	-3.2475073e-06	-0.071910985	0.7498737	2.7398383e-07	-0.0045776367
5.739999999999979e-09	-2.031608e-06	-0.071910985	0.74987364	2.7398383e-07	-0.0015258789
5.749999999999979e-09	-8.879957e-07	-0.07191098	0.74987364	2.7398383e-07	0
5.7599999999999785e-09	1.877398e-07	-0.07191098	0.7498737	2.7398383e-07	0.00076293945
5.769999999999978e-09	1.1939597e-06	-0.07191098	0.74987406	2.739839e-07	0.0045776367
5.779999999999978e-09	2.1353296e-06	-0.07191098	0.74987435	2.7398391e-07	0.0038146973
5.789999999999978e-09	3.0166912e-06	-0.07191097	0.74987483	2.7398397e-07	0.0061035156
5.7999999999999775e-09	3.8392127e-06	-0.07191097	0.7498755	2.7398406e-07	0.008392334
5.809999999999977e-09	4.6029395e-06	-0.07191097	0.7498761	2.7398414e-07	0.0076293945
5.819999999999977e-09	5.311611e-06	-0.071910955	0.749877	2.7398426e-07	0.011444092
5.829999999999977e-09	5.968891e-06	-0.07191095	0.74987787	2.7398437e-07	0.011444092
5.8399999999999765e-09	6.5746012e-06	-0.07191094	0.7498788	2.7398448e-07	0.012207031
5.849999999999976e-09	7.1320246e-06	-0.071910925	0.74987984	2.7398463e-07	0.012969971
5.859999999999976e-09	7.64175e-06	-0.071910925	0.74988085	2.7398474e-07	0.012969971
5.869999999999976e-09	8.10701e-06	-0.07191092	0.74988216	2.739849e-07	0.016784668
5.8799999999999756e-09	8.530089e-06	-0.07191091	0.74988323	2.7398505e-07	0.01373291
5.889999999999975e-09	8.91166e-06	-0.0719109	0.7498846	2.7398522e-07	0.017547607
5.899999999999975e-09	9.254581e-06	-0.071910895	0.749886	2.739854e-07	0.017547607
5.909999999999975e-09	9.5578325e-06	-0.07191089	0.74988735	2.739856e-07	0.017547607
5.919999999999975e-09	9.827047e-06	-0.071910866	0.74988866	2.7398576e-07	0.016784668
5.929999999999974e-09	1.0064867e-05	-0.071910866	0.7498901	2.7398593e-07	0.018310547
5.939999999999974e-09	1.026901e-05	-0.07191086	0.7498915	2.739861e-07	0.018310547
5.949999999999974e-09	1.0440305e-05	-0.07191085	0.74989295	2.739863e-07	0.018310547
5.959999999999974e-09	1.05851595e-05	-0.07191085	0.74989456	2.739865e-07	0.020599365
5.969999999999973e-09	1.070225e-05	-0.07191083	0.749896	2.739867e-07	0.018310547
5.979999999999973e-09	1.0792955e-05	-0.07191081	0.7498975	2.7398687e-07	0.019073486
5.989999999999973e-09	1.0858819e-05	-0.071910806	0.74989897	2.7398707e-07	0.019073486
5.999999999999973e-09	1.090563e-05	-0.0719108	0.74990046	2.7398727e-07	0.019073486
6.0099999999999724e-09	1.09281e-05	-0.07191079	0.749902	2.7398747e-07	0.019836426
6.019999999999972e-09	1.0927842e-05	-0.07191079	0.7499036	2.7398767e-07	0.020599365
6.029999999999972e-09	1.09096245e-05	-0.071910776	0.74990505	2.7398784e-07	0.018310547
6.039999999999972e-09	1.0875135e-05	-0.07191076	0.74990654	2.7398804e-07	0.019073486
6.0499999999999715e-09	1.0822993e-05	-0.07191075	0.74990803	2.7398823e-07	0.019073486
6.059999999999971e-09	1.0754822e-05	-0.07191075	0.74990946	2.739884e-07	0.018310547
6.069999999999971e-09	1.0673119e-05	-0.07191074	0.7499109	2.739886e-07	0.018310547
6.079999999999971e-09	1.0578266e-05	-0.07191073	0.74991244	2.739888e-07	0.019836426
6.0899999999999705e-09	1.0470064e-05	-0.07191073	0.74991393	2.7398897e-07	0.019073486
6.09999999999997e-09	1.0348075e-05	-0.07191071	0.74991536	2.7398914e-07	0.016784668
6.10999999999997e-09	1.0217687e-05	-0.07191071	0.7499166	2.7398934e-07	0.018310547
6.11999999999997e-09	1.0076928e-05	-0.07191069	0.74991804	2.739895e-07	0.017547607
6.1299999999999695e-09	9.929207e-06	-0.07191069	0.7499194	2.7398968e-07	0.017547607
6.139999999999969e-09	9.770386e-06	-0.07191068	0.74992085	2.7398985e-07	0.018310547
6.149999999999969e-09	9.605603e-06	-0.07191067	0.74992216	2.7399003e-07	0.016784668
6.159999999999969e-09	9.435819e-06	-0.07191067	0.74992335	2.7399017e-07	0.01449585
6.1699999999999686e-09	9.259374e-06	-0.07191065	0.74992466	2.7399037e-07	0.017547607
6.179999999999968e-09	9.07452e-06	-0.07191064	0.749926	2.7399054e-07	0.016784668
6.189999999999968e-09	8.885181e-06	-0.07191064	0.7499271	2.7399068e-07	0.01449585
6.199999999999968e-09	8.693991e-06	-0.07191063	0.74992836	2.7399085e-07	0.016784668
6.209999999999968e-09	8.501654e-06	-0.07191063	0.7499294	2.7399096e-07	0.012969971
6.219999999999967e-09	8.306762e-06	-0.07191062	0.7499306	2.739911e-07	0.015258789
6.229999999999967e-09	8.107639e-06	-0.07191062	0.74993175	2.7399128e-07	0.01449585
6.239999999999967e-09	7.9072e-06	-0.07191061	0.74993277	2.739914e-07	0.012969971
6.249999999999967e-09	7.707803e-06	-0.07191061	0.7499338	2.7399153e-07	0.012969971
6.259999999999966e-09	7.506359e-06	-0.0719106	0.7499348	2.7399165e-07	0.012969971
6.269999999999966e-09	7.3009883e-06	-0.07191059	0.74993587	2.739918e-07	0.01373291
6.279999999999966e-09	7.0936458e-06	-0.07191059	0.7499368	2.739919e-07	0.012207031
6.289999999999966e-09	6.8874315e-06	-0.07191057	0.7499378	2.7399204e-07	0.012207031
6.2999999999999654e-09	6.6862585e-06	-0.07191057	0.7499386	2.7399213e-07	0.010681152
6.309999999999965e-09	6.486403e-06	-0.07191057	0.7499395	2.7399224e-07	0.011444092
6.319999999999965e-09	6.288725e-06	-0.07191056	0.7499404	2.7399238e-07	0.011444092
6.329999999999965e-09	6.0904126e-06	-0.07191056	0.7499413	2.739925e-07	0.011444092
6.3399999999999645e-09	5.893418e-06	-0.07191056	0.74994206	2.7399258e-07	0.009918213
6.349999999999964e-09	5.6957447e-06	-0.07191055	0.7499428	2.7399267e-07	0.009155273
6.359999999999964e-09	5.5024484e-06	-0.07191055	0.7499435	2.7399275e-07	0.009155273
6.369999999999964e-09	5.3110107e-06	-0.07191055	0.7499442	2.7399287e-07	0.009155273
6.3799999999999635e-09	5.1226534e-06	-0.07191055	0.7499449	2.7399295e-07	0.009155273
6.389999999999963e-09	4.9361765e-06	-0.07191054	0.74994564	2.7399304e-07	0.009155273
6.399999999999963e-09	4.7509257e-06	-0.07191053	0.7499462	2.7399312e-07	0.006866455
6.409999999999963e-09	4.567384e-06	-0.07191053	0.74994683	2.739932e-07	0.008392334
6.4199999999999625e-09	4.3852515e-06	-0.07191052	0.7499475	2.7399327e-07	0.008392334
6.429999999999962e-09	4.211222e-06	-0.07191052	0.749948	2.7399335e-07	0.006866455
6.439999999999962e-09	4.0416908e-06	-0.071910515	0.74994856	2.739934e-07	0.006866455
6.449999999999962e-09	3.8786998e-06	-0.07191051	0.74994904	2.7399346e-07	0.0061035156
6.4599999999999616e-09	3.7169245e-06	-0.07191051	0.7499495	2.7399355e-07	0.0061035156
6.469999999999961e-09	3.5587727e-06	-0.07191051	0.74995	2.739936e-07	0.0061035156
6.479999999999961e-09	3.4059294e-06	-0.07191051	0.74995047	2.7399366e-07	0.0061035156
6.489999999999961e-09	3.2543926e-06	-0.07191051	0.74995095	2.7399372e-07	0.0061035156
6.499999999999961e-09	3.1077552e-06	-0.0719105	0.74995136	2.7399378e-07	0.005340576
6.50999999999996e-09	2.9633568e-06	-0.0719105	0.7499518	2.7399383e-07	0.005340576
6.51999999999996e-09	2.822341e-06	-0.0719105	0.7499522	2.739939e-07	0.005340576
6.52999999999996e-09	2.6849514e-06	-0.0719105	0.74995244	2.7399392e-07	0.0030517578
6.53999999999996e-09	2.5500735e-06	-0.07191049	0.7499528	2.7399398e-07	0.005340576
6.549999999999959e-09	2.4188557e-06	-0.07191049	0.7499532	2.73994e-07	0.0045776367
6.559999999999959e-09	2.2919007e-06	-0.07191049	0.7499535	2.7399406e-07	0.0038146973
6.569999999999959e-09	2.169556e-06	-0.07191049	0.74995375	2.739941e-07	0.0030517578
6.579999999999959e-09	2.049554e-06	-0.07191049	0.7499541	2.7399412e-07	0.0045776367
6.5899999999999584e-09	1.9327124e-06	-0.07191049	0.7499543	2.7399415e-07	0.0022888184
6.599999999999958e-09	1.8200619e-06	-0.07191049	0.74995464	2.739942e-07	0.0045776367
6.609999999999958e-09	1.7124502e-06	-0.07191049	0.74995476	2.739942e-07	0.0015258789
6.619999999999958e-09	1.6083299e-06	-0.07191049	0.74995494	2.7399423e-07	0.0022888184
6.6299999999999575e-09	1.5078127e-06	-0.07191049	0.7499552	2.7399426e-07	0.0030517578
6.639999999999957e-09	1.4099398e-06	-0.07191049	0.7499553	2.739943e-07	0.0015258789
6.649999999999957e-09	1.31737e-06	-0.07191049	0.7499556	2.7399432e-07	0.0038146973
6.659999999999957e-09	1.2269899e-06	-0.071910486	0.74995565	2.7399432e-07	0.00076293945
6.6699999999999565e-09	1.1409255e-06	-0.07191049	0.7499559	2.7399435e-07	0.0030517578
6.679999999999956e-09	1.0601127e-06	-0.071910486	0.7499561	2.7399437e-07	0.0022888184
6.689999999999956e-09	9.83124e-07	-0.07191048	0.74995613	2.7399437e-07	0.00076293945
6.699999999999956e-09	9.0527726e-07	-0.07191049	0.7499562	2.739944e-07	0.00076293945
6.7099999999999555e-09	8.321367e-07	-0.07191049	0.74995637	2.739944e-07	0.0022888184
6.719999999999955e-09	7.6217066e-07	-0.07191048	0.74995655	2.7399443e-07	0.0022888184
6.729999999999955e-09	6.989039e-07	-0.07191047	0.74995655	2.7399443e-07	0
6.739999999999955e-09	6.3881964e-07	-0.07191047	0.7499566	2.7399446e-07	0.00076293945
6.7499999999999546e-09	5.7654097e-07	-0.07191047	0.74995667	2.7399446e-07	0.00076293945
6.759999999999954e-09	5.172245e-07	-0.07191047	0.74995667	2.7399446e-07	0
6.769999999999954e-09	4.608351e-07	-0.07191047	0.74995685	2.739945e-07	0.0022888184
6.779999999999954e-09	4.0803704e-07	-0.07191047	0.74995685	2.739945e-07	0
6.789999999999954e-09	3.558132e-07	-0.07191048	0.749957	2.739945e-07	0.0022888184
6.799999999999953e-09	3.0322636e-07	-0.07191047	0.749957	2.739945e-07	0
6.809999999999953e-09	2.5447403e-07	-0.07191047	0.749957	2.739945e-07	0
6.819999999999953e-09	2.0832654e-07	-0.07191047	0.749957	2.739945e-07	0
6.829999999999953e-09	1.6731434e-07	-0.07191047	0.749957	2.739945e-07	0
6.839999999999952e-09	1.2966193e-07	-0.07191047	0.7499571	2.7399452e-07	0.00076293945
6.849999999999952e-09	9.298495e-08	-0.07191047	0.7499571	2.7399452e-07	0
6.859999999999952e-09	6.205492e-08	-0.07191048	0.7499571	2.7399452e-07	0
6.869999999999952e-09	3.4972707e-08	-0.07191047	0.7499571	2.7399452e-07	0
6.8799999999999514e-09	9.579916e-09	-0.07191047	0.7499571	2.7399452e-07	0
6.889999999999951e-09	-1.4576735e-08	-0.07191047	0.7499571	2.7399452e-07	0
6.899999999999951e-09	-4.0275783e-08	-0.07191047	0.7499571	2.7399452e-07	0
6.909999999999951e-09	-6.5387326e-08	-0.07191047	0.7499571	2.7399452e-07	0
6.9199999999999505e-09	-8.828827e-08	-0.07191047	0.749957	2.739945e-07	-0.00076293945
6.92999999999995e-09	-1.10580125e-07	-0.07191047	0.749957	2.739945e-07	0
6.93999999999995e-09	-1.3534776e-07	-0.07191047	0.749957	2.739945e-07	0
6.94999999999995e-09	-1.5799642e-07	-0.07191047	0.749957	2.739945e-07	0
6.9599999999999495e-09	-1.8029783e-07	-0.071910486	0.749957	2.739945e-07	0
6.969999999999949e-09	-1.9689854e-07	-0.07191047	0.749957	2.739945e-07	0
6.979999999999949e-09	-2.132065e-07	-0.07191048	0.74995685	2.739945e-07	-0.0022888184
6.989999999999949e-09	-2.2906214e-07	-0.07191048	0.74995685	2.739945e-07	0
6.9999999999999485e-09	-2.3712717e-07	-0.071910486	0.74995685	2.739945e-07	0
7.009999999999948e-09	-2.4733424e-07	-0.07191048	0.74995667	2.7399446e-07	-0.0022888184
7.019999999999948e-09	-2.5890915e-07	-0.07191048	0.74995667	2.7399446e-07	0
7.029999999999948e-09	-2.6891774e-07	-0.071910486	0.74995667	2.7399446e-07	0
7.0399999999999476e-09	-2.7816105e-07	-0.071910486	0.74995667	2.7399446e-07	0
7.049999999999947e-09	-2.8446624e-07	-0.07191048	0.7499566	2.7399446e-07	-0.00076293945
7.059999999999947e-09	-2.8555326e-07	-0.07191049	0.7499566	2.7399446e-07	0
7.069999999999947e-09	-2.8714527e-07	-0.07191047	0.74995655	2.7399443e-07	-0.00076293945
7.079999999999947e-09	-2.9005008e-07	-0.071910486	0.74995655	2.7399443e-07	0
7.089999999999946e-09	-2.8759624e-07	-0.071910486	0.74995655	2.7399443e-07	0
7.099999999999946e-09	-2.898685e-07	-0.07191049	0.7499564	2.7399443e-07	-0.00076293945
7.109999999999946e-09	-2.9193345e-07	-0.07191049	0.74995637	2.739944e-07	-0.0015258789
7.119999999999946e-09	-2.947624e-07	-0.07191049	0.74995637	2.739944e-07	0
7.129999999999945e-09	-2.9745706e-07	-0.07191049	0.7499562	2.739944e-07	-0.0015258789
7.139999999999945e-09	-2.9612949e-07	-0.071910486	0.7499562	2.739944e-07	-0.00076293945
7.149999999999945e-09	-2.9573573e-07	-0.07191049	0.7499562	2.739944e-07	0
7.159999999999945e-09	-2.98223e-07	-0.07191049	0.74995613	2.7399437e-07	-0.00076293945
7.1699999999999444e-09	-2.9906408e-07	-0.07191049	0.74995613	2.7399437e-07	0
7.179999999999944e-09	-2.973377e-07	-0.07191049	0.74995613	2.7399437e-07	0
7.189999999999944e-09	-2.929177e-07	-0.071910486	0.7499561	2.7399437e-07	-0.00076293945
7.199999999999944e-09	-2.903147e-07	-0.071910486	0.7499561	2.7399437e-07	0
7.2099999999999435e-09	-2.8397088e-07	-0.071910486	0.7499561	2.7399437e-07	0
7.219999999999943e-09	-2.80471e-07	-0.07191049	0.749956	2.7399437e-07	-0.00076293945
7.229999999999943e-09	-2.7595644e-07	-0.07191049	0.7499559	2.7399435e-07	-0.0015258789
7.239999999999943e-09	-2.7010134e-07	-0.07191049	0.7499559	2.7399435e-07	0
7.2499999999999425e-09	-2.6417732e-07	-0.07191049	0.7499559	2.7399435e-07	0
7.259999999999942e-09	-2.6020012e-07	-0.07191049	0.7499557	2.7399435e-07	-0.0022888184
7.269999999999942e-09	-2.5507953e-07	-0.07191049	0.7499557	2.7399435e-07	0
7.279999999999942e-09	-2.5390668e-07	-0.07191049	0.7499557	2.7399435e-07	0
7.2899999999999415e-09	-2.5139835e-07	-0.07191049	0.74995565	2.7399432e-07	-0.00076293945
7.299999999999941e-09	-2.450877e-07	-0.07191049	0.74995565	2.7399432e-07	0
7.309999999999941e-09	-2.4364869e-07	-0.07191049	0.7499556	2.7399432e-07	0
7.319999999999941e-09	-2.4202893e-07	-0.07191049	0.7499556	2.7399432e-07	-0.00076293945
7.3299999999999406e-09	-2.3765693e-07	-0.07191049	0.7499556	2.7399432e-07	0
7.33999999999994e-09	-2.3156056e-07	-0.07191049	0.7499556	2.7399432e-07	0
7.34999999999994e-09	-2.3035008e-07	-0.07191049	0.74995553	2.7399432e-07	-0.00076293945
7.35999999999994e-09	-2.2843064e-07	-0.07191049	0.7499554	2.739943e-07	-0.0015258789
7.36999999999994e-09	-2.2029508e-07	-0.07191049	0.7499554	2.739943e-07	0
7.379999999999939e-09	-2.1502674e-07	-0.07191049	0.7499554	2.739943e-07	0
7.389999999999939e-09	-2.0764183e-07	-0.07191049	0.7499553	2.739943e-07	-0.0015258789
7.399999999999939e-09	-2.0052792e-07	-0.07191049	0.7499553	2.739943e-07	0
7.409999999999939e-09	-1.9661249e-07	-0.07191049	0.74995524	2.7399426e-07	-0.00076293945
7.419999999999938e-09	-1.9349545e-07	-0.07191049	0.74995524	2.7399426e-07	0
7.429999999999938e-09	-1.8828558e-07	-0.07191049	0.74995524	2.7399426e-07	0
7.439999999999938e-09	-1.8071458e-07	-0.07191049	0.74995524	2.7399426e-07	0
7.449999999999938e-09	-1.780208e-07	-0.07191049	0.7499552	2.7399426e-07	-0.00076293945
7.459999999999937e-09	-1.7753585e-07	-0.07191049	0.7499552	2.7399426e-07	0
7.469999999999937e-09	-1.7532182e-07	-0.07191049	0.7499552	2.7399426e-07	0
7.479999999999937e-09	-1.7008487e-07	-0.07191049	0.7499551	2.7399426e-07	-0.00076293945
7.489999999999937e-09	-1.632519e-07	-0.07191049	0.7499551	2.7399426e-07	0
7.499999999999936e-09	-1.604011e-07	-0.07191049	0.7499551	2.7399426e-07	0
7.509999999999936e-09	-1.5750379e-07	-0.07191049	0.7499551	2.7399426e-07	0
7.519999999999936e-09	-1.5422285e-07	-0.07191049	0.7499551	2.7399426e-07	0
7.529999999999936e-09	-1.4781757e-07	-0.07191049	0.7499551	2.7399426e-07	0
7.539999999999935e-09	-1.426266e-07	-0.07191049	0.7499551	2.7399426e-07	0
7.549999999999935e-09	-1.3814382e-07	-0.07191049	0.74995506	2.7399426e-07	-0.00076293945
7.559999999999935e-09	-1.3355418e-07	-0.07191049	0.74995506	2.7399426e-07	0
7.569999999999935e-09	-1.2890598e-07	-0.07191049	0.74995494	2.7399423e-07	-0.0015258789
7.579999999999935e-09	-1.240247e-07	-0.07191049	0.74995494	2.7399423e-07	0
7.589999999999934e-09	-1.16293194e-07	-0.07191049	0.74995494	2.7399423e-07	0
7.599999999999934e-09	-1.085044e-07	-0.07191049	0.74995494	2.7399423e-07	0
7.609999999999934e-09	-1.0037763e-07	-0.07191049	0.74995494	2.7399423e-07	0
7.619999999999934e-09	-9.664883e-08	-0.07191049	0.74995494	2.7399423e-07	0
7.629999999999933e-09	-9.4549705e-08	-0.07191049	0.74995476	2.739942e-07	-0.0015258789
7.639999999999933e-09	-9.213231e-08	-0.07191049	0.7499548	2.7399423e-07	0.00076293945
7.649999999999933e-09	-9.347123e-08	-0.07191049	0.7499548	2.739942e-07	-0.00076293945
7.659999999999933e-09	-9.1428724e-08	-0.07191049	0.74995476	2.739942e-07	-0.00076293945
7.669999999999932e-09	-8.8131834e-08	-0.07191049	0.74995476	2.739942e-07	0
7.679999999999932e-09	-8.129332e-08	-0.07191049	0.74995476	2.739942e-07	0
7.689999999999932e-09	-7.5394055e-08	-0.07191049	0.74995476	2.739942e-07	0
7.699999999999932e-09	-7.014785e-08	-0.07191049	0.74995476	2.739942e-07	0
7.709999999999931e-09	-6.556196e-08	-0.07191049	0.74995476	2.739942e-07	0
7.719999999999931e-09	-5.9077802e-08	-0.07191049	0.74995476	2.739942e-07	0
7.729999999999931e-09	-5.398994e-08	-0.07191049	0.74995476	2.739942e-07	0
7.73999999999993e-09	-5.1979903e-08	-0.07191049	0.74995476	2.739942e-07	0
7.74999999999993e-09	-5.040918e-08	-0.07191049	0.74995476	2.739942e-07	0
7.75999999999993e-09	-4.9035595e-08	-0.07191049	0.74995476	2.739942e-07	0
7.76999999999993e-09	-4.38951e-08	-0.07191049	0.74995476	2.739942e-07	0
7.77999999999993e-09	-3.6168494e-08	-0.07191049	0.74995476	2.739942e-07	0
7.78999999999993e-09	-2.8271208e-08	-0.07191049	0.74995476	2.739942e-07	0
7.79999999999993e-09	-1.9763553e-08	-0.07191049	0.74995476	2.739942e-07	0
7.809999999999929e-09	-1.2542133e-08	-0.07191049	0.74995476	2.739942e-07	0
7.819999999999929e-09	-6.4795374e-09	-0.07191049	0.7499547	2.739942e-07	-0.00076293945
7.829999999999929e-09	-4.5600484e-10	-0.07191049	0.7499547	2.739942e-07	0
7.839999999999928e-09	5.480896e-09	-0.07191049	0.74995476	2.739942e-07	0.00076293945
7.849999999999928e-09	1.1749464e-08	-0.07191049	0.74995476	2.739942e-07	0
7.859999999999928e-09	1.6347212e-08	-0.07191049	0.74995476	2.739942e-07	0
7.869999999999928e-09	2.024034e-08	-0.07191049	0.74995476	2.739942e-07	0
7.879999999999927e-09	2.3683837e-08	-0.07191049	0.74995476	2.739942e-07	0
7.889999999999927e-09	2.3353783e-08	-0.07191049	0.74995476	2.739942e-07	0
7.899999999999927e-09	2.1680508e-08	-0.07191049	0.74995476	2.739942e-07	0
7.909999999999927e-09	1.7904817e-08	-0.07191049	0.74995476	2.739942e-07	0
7.919999999999926e-09	1.5199344e-08	-0.07191049	0.74995476	2.739942e-07	0
7.929999999999926e-09	1.2774745e-08	-0.07191049	0.74995476	2.739942e-07	0
7.939999999999926e-09	1.1056127e-08	-0.07191049	0.74995476	2.739942e-07	0
7.949999999999926e-09	9.442178e-09	-0.07191049	0.74995476	2.739942e-07	0
7.959999999999925e-09	8.160228e-09	-0.07191049	0.74995476	2.739942e-07	0
7.969999999999925e-09	6.3406813e-09	-0.07191049	0.74995476	2.739942e-07	0
7.979999999999925e-09	3.7991197e-09	-0.07191049	0.74995476	2.739942e-07	0
7.989999999999925e-09	1.9649447e-09	-0.07191049	0.74995476	2.739942e-07	0
7.999999999999924e-09	1.7451837e-10	-0.07191049	0.74995476	2.739942e-07	0
8.009999999999924e-09	-9.520077e-10	-0.07191049	0.74995476	2.739942e-07	0
8.019999999999924e-09	-1.9293238e-09	-0.07191049	0.74995476	2.739942e-07	0
8.029999999999924e-09	-2.4054883e-09	-0.07191049	0.74995476	2.739942e-07	0
8.039999999999923e-09	-2.647724e-09	-0.07191049	0.74995476	2.739942e-07	0
8.049999999999923e-09	-3.2550505e-09	-0.07191049	0.74995476	2.739942e-07	0
8.059999999999923e-09	-3.5470233e-09	-0.07191049	0.74995476	2.739942e-07	0
8.069999999999923e-09	-4.051401e-09	-0.07191049	0.74995476	2.739942e-07	0
8.079999999999922e-09	-5.052022e-09	-0.07191049	0.74995476	2.739942e-07	0
8.089999999999922e-09	-6.7678236e-09	-0.07191049	0.74995476	2.739942e-07	0
8.099999999999922e-09	-7.144049e-09	-0.07191049	0.74995476	2.739942e-07	0
8.109999999999922e-09	-7.511148e-09	-0.07191049	0.74995476	2.739942e-07	0
8.119999999999922e-09	-6.4001937e-09	-0.07191049	0.74995476	2.739942e-07	0
8.129999999999921e-09	-4.27828e-09	-0.07191049	0.74995476	2.739942e-07	0
8.139999999999921e-09	-2.1762092e-09	-0.07191049	0.74995476	2.739942e-07	0
8.14999999999992e-09	4.3597258e-11	-0.07191049	0.74995476	2.739942e-07	0
8.15999999999992e-09	2.0110316e-09	-0.07191049	0.74995476	2.739942e-07	0
8.16999999999992e-09	2.6544547e-09	-0.07191049	0.74995476	2.739942e-07	0
8.17999999999992e-09	1.6847597e-09	-0.07191049	0.74995476	2.739942e-07	0
8.18999999999992e-09	1.2581101e-09	-0.07191049	0.74995476	2.739942e-07	0
8.19999999999992e-09	1.1755141e-09	-0.07191049	0.74995476	2.739942e-07	0
8.20999999999992e-09	8.9425634e-10	-0.07191049	0.74995476	2.739942e-07	0
8.219999999999919e-09	4.804689e-10	-0.07191049	0.74995476	2.739942e-07	0
8.229999999999919e-09	-5.348827e-10	-0.07191049	0.74995476	2.739942e-07	0
8.239999999999919e-09	-4.7764503e-10	-0.07191049	0.74995476	2.739942e-07	0
8.249999999999918e-09	-1.2016655e-09	-0.07191049	0.74995476	2.739942e-07	0
8.259999999999918e-09	-1.8459363e-09	-0.07191049	0.74995476	2.739942e-07	0
8.269999999999918e-09	-2.1632238e-09	-0.07191049	0.74995476	2.739942e-07	0
8.279999999999918e-09	-1.6686194e-09	-0.07191049	0.74995476	2.739942e-07	0
8.289999999999917e-09	-6.6396405e-10	-0.07191049	0.74995476	2.739942e-07	0
8.299999999999917e-09	3.2564296e-10	-0.07191049	0.74995476	2.739942e-07	0
8.309999999999917e-09	6.7606226e-10	-0.07191049	0.74995476	2.739942e-07	0
8.319999999999917e-09	1.8455096e-10	-0.07191049	0.74995476	2.739942e-07	0
8.329999999999916e-09	-1.8961593e-10	-0.07191049	0.74995476	2.739942e-07	0
8.339999999999916e-09	1.2785632e-10	-0.07191049	0.74995476	2.739942e-07	0
8.349999999999916e-09	1.7225459e-09	-0.07191049	0.74995476	2.739942e-07	0
8.359999999999916e-09	1.8549713e-09	-0.07191049	0.74995476	2.739942e-07	0
8.369999999999915e-09	1.7106805e-09	-0.07191049	0.74995476	2.739942e-07	0
8.379999999999915e-09	1.3801564e-09	-0.07191049	0.74995476	2.739942e-07	0
8.389999999999915e-09	1.7570023e-09	-0.07191049	0.74995476	2.739942e-07	0
8.399999999999915e-09	1.9327395e-09	-0.07191049	0.74995476	2.739942e-07	0
8.409999999999915e-09	6.024338e-10	-0.07191049	0.74995476	2.739942e-07	0
8.419999999999914e-09	-1.3508365e-10	-0.07191049	0.74995476	2.739942e-07	0
8.429999999999914e-09	-3.0610636e-10	-0.07191049	0.74995476	2.739942e-07	0
8.439999999999914e-09	1.1342846e-09	-0.07191049	0.74995476	2.739942e-07	0
8.449999999999914e-09	3.958552e-10	-0.07191049	0.74995476	2.739942e-07	0
8.459999999999913e-09	-3.4213415e-10	-0.07191049	0.74995476	2.739942e-07	0
8.469999999999913e-09	-1.7878335e-10	-0.07191049	0.74995476	2.739942e-07	0
8.479999999999913e-09	1.5973572e-10	-0.07191049	0.74995476	2.739942e-07	0
8.489999999999913e-09	-1.3122404e-09	-0.07191049	0.74995476	2.739942e-07	0
8.499999999999912e-09	-1.5365221e-09	-0.07191049	0.74995476	2.739942e-07	0
8.509999999999912e-09	-1.4632277e-09	-0.07191049	0.74995476	2.739942e-07	0
8.519999999999912e-09	-6.7948147e-10	-0.07191049	0.74995476	2.739942e-07	0
8.529999999999912e-09	-7.390505e-10	-0.07191049	0.74995476	2.739942e-07	0
8.539999999999911e-09	1.2539039e-10	-0.07191049	0.74995476	2.739942e-07	0
8.549999999999911e-09	1.0331951e-09	-0.07191049	0.74995476	2.739942e-07	0
8.559999999999911e-09	8.4478535e-10	-0.07191049	0.74995476	2.739942e-07	0
8.56999999999991e-09	5.573527e-10	-0.07191049	0.74995476	2.739942e-07	0
8.57999999999991e-09	1.7437388e-10	-0.07191049	0.74995476	2.739942e-07	0
8.58999999999991e-09	-4.773048e-10	-0.07191049	0.74995476	2.739942e-07	0
8.59999999999991e-09	-7.0540523e-10	-0.07191049	0.74995476	2.739942e-07	0
8.60999999999991e-09	7.040926e-11	-0.07191049	0.74995476	2.739942e-07	0
8.61999999999991e-09	1.0849478e-10	-0.07191049	0.74995476	2.739942e-07	0
8.62999999999991e-09	-7.0651505e-12	-0.07191049	0.74995476	2.739942e-07	0
8.639999999999909e-09	2.0324553e-11	-0.07191049	0.74995476	2.739942e-07	0
8.649999999999909e-09	2.748132e-10	-0.07191049	0.74995476	2.739942e-07	0
8.659999999999908e-09	7.334941e-10	-0.07191049	0.74995476	2.739942e-07	0
8.669999999999908e-09	5.047913e-10	-0.07191049	0.74995476	2.739942e-07	0
8.679999999999908e-09	6.061162e-10	-0.07191049	0.74995476	2.739942e-07	0
8.689999999999908e-09	-8.170277e-10	-0.07191049	0.74995476	2.739942e-07	0
8.699999999999908e-09	-1.3930784e-09	-0.07191049	0.74995476	2.739942e-07	0
8.709999999999907e-09	-1.5816769e-09	-0.07191049	0.74995476	2.739942e-07	0
8.719999999999907e-09	-2.3805913e-09	-0.07191049	0.74995476	2.739942e-07	0
8.729999999999907e-09	-2.3464184e-09	-0.07191049	0.74995476	2.739942e-07	0
8.739999999999907e-09	-1.8979414e-09	-0.07191049	0.74995476	2.739942e-07	0
8.749999999999906e-09	-1.7935539e-09	-0.07191049	0.74995476	2.739942e-07	0
8.759999999999906e-09	-8.5887986e-10	-0.07191049	0.74995476	2.739942e-07	0
8.769999999999906e-09	5.191515e-10	-0.07191049	0.74995476	2.739942e-07	0
8.779999999999906e-09	5.826874e-10	-0.07191049	0.74995476	2.739942e-07	0
8.789999999999905e-09	9.73703e-10	-0.07191049	0.74995476	2.739942e-07	0
8.799999999999905e-09	1.2652986e-09	-0.07191049	0.74995476	2.739942e-07	0
8.809999999999905e-09	1.1092365e-09	-0.07191049	0.74995476	2.739942e-07	0
8.819999999999905e-09	1.3422798e-09	-0.07191049	0.7499547	2.739942e-07	0
8.829999999999904e-09	1.4009593e-09	-0.07191049	0.74995476	2.739942e-07	0
8.839999999999904e-09	1.3981911e-09	-0.07191049	0.74995476	2.739942e-07	0
8.849999999999904e-09	5.526424e-10	-0.07191049	0.74995476	2.739942e-07	0
8.859999999999904e-09	3.557682e-10	-0.07191049	0.74995476	2.739942e-07	0
8.869999999999903e-09	-5.08872e-10	-0.07191049	0.74995476	2.739942e-07	0
8.879999999999903e-09	-8.719863e-10	-0.07191049	0.74995476	2.739942e-07	0
8.889999999999903e-09	-7.672703e-10	-0.07191049	0.7499547	2.739942e-07	-0.00076293945
8.899999999999903e-09	-8.314843e-10	-0.07191049	0.74995476	2.739942e-07	0.00076293945
8.909999999999902e-09	-5.4739735e-10	-0.07191049	0.74995476	2.739942e-07	0
8.919999999999902e-09	-9.346525e-11	-0.07191049	0.74995476	2.739942e-07	0
8.929999999999902e-09	2.6737484e-10	-0.07191049	0.74995476	2.739942e-07	0
8.939999999999902e-09	1.4031419e-10	-0.07191049	0.74995476	2.739942e-07	0
8.949999999999901e-09	8.7988355e-10	-0.07191049	0.74995476	2.739942e-07	-0.00076293945
8.959999999999901e-09	1.8120241e-09	-0.07191049	0.74995476	2.739942e-07	0.00076293945
8.969999999999901e-09	3.4492315e-10	-0.07191049	0.74995476	2.739942e-07	-0.00076293945
8.9799999999999e-09	-9.210358e-10	-0.07191049	0.74995476	2.739942e-07	0.00076293945
8.9899999999999e-09	-1.717128e-09	-0.07191049	0.7499547	2.739942e-07	-0.00076293945
8.9999999999999e-09	-1.3779184e-09	-0.07191049	0.74995476	2.739942e-07	0.00076293945
9.0099999999999e-09	-6.665964e-10	-0.07191049	0.74995476	2.739942e-07	0
9.0199999999999e-09	-6.012848e-10	-0.07191049	0.74995476	2.739942e-07	0
9.0299999999999e-09	1.800661e-10	-0.07191049	0.7499547	2.739942e-07	-0.00076293945
9.0399999999999e-09	5.665511e-10	-0.07191049	0.7499547	2.739942e-07	0
9.049999999999899e-09	4.7636606e-10	-0.07191049	0.74995476	2.739942e-07	0.00076293945
9.059999999999899e-09	1.4191875e-10	-0.07191049	0.74995476	2.739942e-07	-0.00076293945
9.069999999999899e-09	2.8160713e-10	-0.07191049	0.74995476	2.739942e-07	0.00076293945
9.079999999999898e-09	-2.10446e-10	-0.07191049	0.7499547	2.739942e-07	-0.00076293945
9.089999999999898e-09	2.592782e-10	-0.07191049	0.74995476	2.739942e-07	0.00076293945
9.099999999999898e-09	6.1479705e-10	-0.07191049	0.7499547	2.739942e-07	0
9.109999999999898e-09	9.58844e-11	-0.07191049	0.74995476	2.739942e-07	0
9.119999999999897e-09	-1.1819428e-09	-0.07191049	0.74995476	2.739942e-07	-0.00076293945
9.129999999999897e-09	-1.8872088e-09	-0.07191049	0.74995476	2.739942e-07	0.00076293945
9.139999999999897e-09	-1.9392528e-09	-0.07191049	0.7499547	2.739942e-07	0
9.149999999999897e-09	-1.5894536e-09	-0.07191049	0.74995476	2.739942e-07	0
9.159999999999896e-09	-1.6442429e-09	-0.07191049	0.74995476	2.739942e-07	0
9.169999999999896e-09	-5.4968996e-10	-0.07191049	0.74995476	2.739942e-07	0
9.179999999999896e-09	-7.118225e-10	-0.07191049	0.74995476	2.739942e-07	0
9.189999999999896e-09	-9.082784e-10	-0.07191049	0.74995476	2.739942e-07	0
9.199999999999895e-09	-8.221179e-10	-0.07191049	0.74995476	2.739942e-07	0
9.209999999999895e-09	-6.1430006e-10	-0.07191049	0.74995476	2.739942e-07	0
9.219999999999895e-09	-1.4368261e-09	-0.07191049	0.7499547	2.739942e-07	0
9.229999999999895e-09	-1.2556076e-09	-0.07191049	0.7499547	2.739942e-07	-0.00076293945
9.239999999999894e-09	-1.5901767e-09	-0.07191049	0.74995476	2.739942e-07	0.00076293945
9.249999999999894e-09	-1.6868877e-09	-0.07191049	0.74995476	2.739942e-07	0
9.259999999999894e-09	-1.4926644e-09	-0.07191049	0.74995476	2.739942e-07	0
9.269999999999894e-09	-1.0488983e-09	-0.07191049	0.74995476	2.739942e-07	0
9.279999999999894e-09	-3.5883033e-10	-0.07191049	0.74995476	2.739942e-07	0
9.289999999999893e-09	2.6357524e-11	-0.07191049	0.7499547	2.739942e-07	-0.00076293945
9.299999999999893e-09	2.1221188e-11	-0.07191049	0.7499547	2.739942e-07	0
9.309999999999893e-09	2.0412352e-10	-0.07191049	0.74995476	2.739942e-07	0.00076293945
9.319999999999893e-09	-4.6173873e-10	-0.07191049	0.74995476	2.739942e-07	0
9.329999999999892e-09	-6.779899e-11	-0.07191049	0.74995476	2.739942e-07	0
9.339999999999892e-09	8.25624e-11	-0.07191049	0.7499547	2.739942e-07	-0.00076293945
9.349999999999892e-09	6.930293e-10	-0.07191049	0.74995476	2.739942e-07	0.00076293945
9.359999999999892e-09	1.3422128e-09	-0.07191049	0.74995476	2.739942e-07	0
9.369999999999891e-09	1.4014231e-09	-0.07191049	0.74995476	2.739942e-07	0
9.379999999999891e-09	7.7543916e-10	-0.07191049	0.7499547	2.739942e-07	-0.00076293945
9.389999999999891e-09	-7.381926e-10	-0.07191049	0.74995476	2.739942e-07	0.00076293945
9.39999999999989e-09	-4.5581294e-10	-0.07191049	0.74995476	2.739942e-07	-0.00076293945
9.40999999999989e-09	-8.739756e-10	-0.07191049	0.74995476	2.739942e-07	0.00076293945
9.41999999999989e-09	-6.653183e-10	-0.07191049	0.74995476	2.739942e-07	0
9.42999999999989e-09	-8.1246543e-10	-0.07191049	0.74995476	2.739942e-07	0
9.43999999999989e-09	-9.0538266e-10	-0.07191049	0.74995476	2.739942e-07	0
9.44999999999989e-09	-4.0869413e-10	-0.07191049	0.74995476	2.739942e-07	-0.00076293945
9.459999999999889e-09	4.683155e-10	-0.07191049	0.74995476	2.739942e-07	0.00076293945
9.469999999999889e-09	5.308294e-10	-0.07191049	0.74995476	2.739942e-07	0
9.479999999999889e-09	4.1625417e-10	-0.07191049	0.74995476	2.739942e-07	0
9.489999999999888e-09	7.348626e-10	-0.07191049	0.7499547	2.739942e-07	-0.00076293945
9.499999999999888e-09	1.2090936e-09	-0.07191049	0.74995476	2.739942e-07	0.00076293945
9.509999999999888e-09	1.0500718e-09	-0.07191049	0.74995476	2.739942e-07	0
9.519999999999888e-09	1.0000074e-09	-0.07191049	0.74995476	2.739942e-07	0
9.529999999999887e-09	1.6600042e-09	-0.07191049	0.7499547	2.739942e-07	-0.00076293945
9.539999999999887e-09	1.4578307e-09	-0.07191049	0.74995476	2.739942e-07	0.00076293945
9.549999999999887e-09	9.830904e-11	-0.07191049	0.74995476	2.739942e-07	0
9.559999999999887e-09	-1.0851956e-09	-0.07191049	0.74995476	2.739942e-07	-0.00076293945
9.569999999999887e-09	-8.2927254e-10	-0.07191049	0.74995476	2.739942e-07	0.00076293945
9.579999999999886e-09	-1.1938288e-09	-0.07191049	0.74995476	2.739942e-07	0
9.589999999999886e-09	-1.0590301e-09	-0.07191049	0.74995476	2.739942e-07	0
9.599999999999886e-09	-7.455441e-10	-0.07191049	0.74995476	2.739942e-07	0
9.609999999999886e-09	6.335277e-10	-0.07191049	0.74995476	2.739942e-07	0
9.619999999999885e-09	1.2917453e-10	-0.07191049	0.74995476	2.739942e-07	0
9.629999999999885e-09	-6.180283e-10	-0.07191049	0.74995476	2.739942e-07	-0.00076293945
9.639999999999885e-09	-7.798699e-10	-0.07191049	0.74995476	2.739942e-07	0
9.649999999999885e-09	-1.1455439e-09	-0.07191049	0.74995476	2.739942e-07	0.00076293945
9.659999999999884e-09	-7.1105527e-10	-0.07191049	0.74995476	2.739942e-07	0
9.669999999999884e-09	-5.983466e-10	-0.07191049	0.74995476	2.739942e-07	0
9.679999999999884e-09	-5.569762e-10	-0.07191049	0.7499547	2.739942e-07	0
9.689999999999884e-09	-3.2224753e-10	-0.07191049	0.74995476	2.739942e-07	0
9.699999999999883e-09	5.376884e-10	-0.07191049	0.74995476	2.739942e-07	0
9.709999999999883e-09	7.4526557e-10	-0.07191049	0.74995476	2.739942e-07	-0.00076293945
9.719999999999883e-09	1.3057753e-10	-0.07191049	0.74995476	2.739942e-07	0.00076293945
9.729999999999883e-09	-8.841009e-10	-0.07191049	0.74995476	2.739942e-07	0
9.739999999999882e-09	-3.141157e-10	-0.07191049	0.74995476	2.739942e-07	-0.00076293945
9.749999999999882e-09	3.1050382e-10	-0.07191049	0.74995476	2.739942e-07	0
9.759999999999882e-09	-2.6141816e-10	-0.07191049	0.74995476	2.739942e-07	0.00076293945
9.769999999999882e-09	-7.935276e-10	-0.07191049	0.74995476	2.739942e-07	0
9.779999999999881e-09	-4.4407084e-10	-0.07191049	0.74995476	2.739942e-07	-0.00076293945
9.789999999999881e-09	-1.0109419e-09	-0.07191049	0.74995476	2.739942e-07	0
9.799999999999881e-09	-1.5828587e-09	-0.07191049	0.74995476	2.739942e-07	0.00076293945
9.80999999999988e-09	-1.4366849e-09	-0.07191049	0.74995476	2.739942e-07	0
9.81999999999988e-09	-1.2962499e-09	-0.07191049	0.74995476	2.739942e-07	0
9.82999999999988e-09	-1.0601111e-09	-0.07191049	0.74995476	2.739942e-07	0
9.83999999999988e-09	-7.8142337e-10	-0.07191049	0.74995476	2.739942e-07	0
9.84999999999988e-09	-4.383078e-10	-0.07191049	0.74995476	2.739942e-07	-0.00076293945
9.85999999999988e-09	-1.287557e-10	-0.07191049	0.74995476	2.739942e-07	0.00076293945
9.86999999999988e-09	3.1638842e-10	-0.07191049	0.74995476	2.739942e-07	0
9.879999999999879e-09	-4.8641573e-11	-0.07191049	0.74995476	2.739942e-07	0
9.889999999999879e-09	-9.94484e-10	-0.07191049	0.74995476	2.739942e-07	0
9.899999999999879e-09	-1.9363442e-09	-0.07191049	0.74995476	2.739942e-07	-0.00076293945
9.909999999999878e-09	-8.1012774e-10	-0.07191049	0.74995476	2.739942e-07	0.00076293945
9.919999999999878e-09	-1.0822991e-09	-0.07191049	0.74995476	2.739942e-07	0
9.929999999999878e-09	-1.612324e-09	-0.07191049	0.74995476	2.739942e-07	0
9.939999999999878e-09	-1.8951565e-09	-0.07191049	0.7499547	2.739942e-07	-0.00076293945
9.949999999999877e-09	-2.3209712e-09	-0.07191049	0.74995476	2.739942e-07	0.00076293945
9.959999999999877e-09	-1.8118064e-09	-0.07191049	0.74995476	2.739942e-07	0
9.969999999999877e-09	-8.549956e-10	-0.07191049	0.74995476	2.739942e-07	0
9.979999999999877e-09	4.32259e-10	-0.07191049	0.74995476	2.739942e-07	0
9.989999999999876e-09	4.5968443e-10	-0.07191049	0.74995476	2.739942e-07	0
9.999999999999876e-09	1.1016712e-09	-0.07191049	0.7499547	2.739942e-07	0
